13112329
13113321
13113678
13114886
13115594
13116145
13116582
13117733
13117997
13118963
13119491
13119961
13122881
13123242
13126152
13126903
13127795
13130784
13131289
13133948
13135220
13135865
13136060
13136344
13136459
13138157
13138543
13138696
13139607
13140042
13140487
13140619
13141201
13141462
13142081
13145664
13146242
13148413
13148593
13148925
13149186
13149566
13150584
13152710
13154862
13155645
13156042
13156171
13156320
13156544
13156901
13158731
13158930
13159139
13159557
13161156
13161174
13161412
13161752
13161885
13162066
13162138
13163780
13164219
13164570
13164669
13164758
13165594
13165742
13167359
13167467
13168901
13170473
13171521
13172081
13172740
13175813
13176448
13176455
13176556
13176639
13176797
13176900
13177519
13177652
13177777
13177805
13180187
13180333
13180746
13182245
13182773
13183227
13183565
13185739
13186048
13186661
13186710
13186869
13187202
13190159
13191429
13192912
13194043
13194351
13195219
13196205
13196827
13196878
13199352
13200411
13200606
13200755
13200884
13200957
13201585
13202021
13203081
13203403
13204915
13205957
13206120
13206387
13207338
13208071
13209451
13209617
13209628
13211815
13216021
13216194
13217545
13218002
13218214
13218466
13219100
13219264
13220518
13220713
13221046
13221276
13222413
13222821
13222861
13223070
13223827
13224961
13225277
13226078
13226210
13226226
13226460
13228356
13228825
13229843
13230352
13231037
13231087
13231271
13232502
13233133
13233500
13234939
13235940
13237293
13238584
13238812
13238858
13240195
13240456
13240480
13241147
13242090
13242211
13242324
13242689
13242790
13242977
13243065
13244728
13245238
13245397
13245971
13246311
13246672
13247338
13248575
13248778
13249155
13249275
13250775
13251426
13253109
13253506
13255034
13255723
13255838
13258363
13259133
13259590
13260259
13261762
13262476
13262686
13262774
13263581
13265554
13265624
13266393
13267295
13268680
13273517
13273538
13275398
13278575
13279447
13279643
13280040
13280403
13280749
13280759
13281230
13282535
13282847
13283275
13284183
13284190
13285444
13285797
13285985
13286612
13286991
13287376
13288305
13288745
13290129
13290381
13290610
13291215
13291251
13291766
13291847
13294094
13294115
13294452
13295320
13296562
13296696
13296854
13297075
13298938
13299280
13299692
13299970
13300507
13300749
13302596
13304146
13304460
13304745
13304983
13307396
13308765
13309247
13309586
13309765
13310605
13310743
13314063
13314085
13314525
13315086
13315174
13315468
13315619
13316450
13316933
13317027
13317375
13317485
13318017
13318371
13318476
13318778
13318914
13320138
13320374
13321772
13323882
13324286
13325010
13325271
13325908
13326009
13326016
13326903
13327729
13328117
13329024
13329200
13331715
13332337
13333036
13333624
13333880
13334185
13334767
13335114
13335147
13335175
13336047
13337064
13337821
13337944
13338425
13339923
13340769
13342700
13342850
13342902
13343553
13343769
13344055
13344541
13345433
13347853
13348048
13348835
13350829
13352013
13352873
13353150
13354879
13355618
13357072
13360095
13360124
13360403
13360638
13360734
13361718
13361734
13365253
13366262
13366354
13366574
13366873
13367047
13367066
13367711
13367721
13368018
13368251
13368433
13368616
13369178
13369420
13369615
13369955
13370394
13370713
13370812
13370817
13370825
13372530
13372553
13373473
13374131
13374408
13376957
13378326
13378398
13378712
13378765
13379180
13383717
13384700
13386074
13386419
13387775
13388359
13388577
13389078
13389298
13389789
13389828
13390013
13390984
13392587
13392609
13395966
13396435
13396623
13398795
13399211
13399284
13400087
13402181
13402999
13403152
13403270
13404646
13404831
13405043
13406126
13406236
13406244
13406859
13406898
13409520
13409711
13410436
13411055
13412053
13412248
13412802
13413064
13413594
13413910
13414014
13414223
13417240
13417763
13417923
13418424
13419084
13419330
13420343
13421081
13421228
13423852
13424009
13424356
13424793
13424945
13425487
13428618
13428745
13429011
13429414
13429741
13430185
13432261
13432375
13433018
13433474
13434313
13435936
13437100
13438158
13439406
13439722
13442334
13442495
13442513
13442760
13443334
13444450
13446305
13450468
13455679
13458032
13459005
13460019
13461506
13464982
13465925
13466244
13466381
13466905
13467083
13467167
13469038
13476077
13477492
13480027
13482733
13482910
13483037
13483184
13485157
13485288
13486198
13486653
13487145
13487217
13487743
13488754
13489008
13490442
13491277
13491789
13492149
13493014
13494592
13494728
13494964
13496125
13499496
13502272
13505614
13505801
13507211
13507758
13509093
13509103
13511330
13511694
13513115
13513857
13514644
13514959
13515678
13517811
13518109
13518311
13518752
13521000
13524541
13525456
13526393
13527773
13528485
13528731
13529751
13529872
13530078
13530452
13530604
13531922
13533562
13534299
13536076
13536212
13536445
13537138
13537890
13538609
13539774
13539985
13540000
13540360
13540892
13542642
13543853
13543922
13544184
13546496
13547904
13548575
13549232
13549768
13550402
13552225
13552480
13552884
13553387
13553535
13553548
13554038
13554744
13555130
13556418
13558832
13559367
13561926
13562168
13562176
13564669
13565522
13566263
13566573
13566708
13566908
13567220
13569690
13571539
13572611
13577444
13577605
13578128
13579879
13583495
13584165
13584192
13586562
13587704
13588332
13589022
13589028
13589209
13589590
13589811
13590166
13590207
13590665
13591005
13591398
13591786
13592523
13593374
13595049
13595517
13596190
13596563
13597726
13598424
13601443
13602050
13602273
13603440
13606829
13608444
13608819
13609186
13610240
13611819
13612336
13612980
13613114
13613260
13613296
13615195
13615848
13616909
13616955
13618897
13620089
13620605
13621517
13621788
13622018
13623437
13623724
13624232
13624868
13625102
13629012
13630176
13630516
13632779
13632848
13632854
13632942
13633583
13633643
13633915
13635100
13637509
13638460
13639072
13639170
13640557
13641509
13642028
13643080
13643752
13644104
13644411
13644850
13645142
13645168
13645558
13645868
13645948
13646513
13648832
13649977
13653142
13653462
13654228
13654289
13654788
13655175
13656256
13656701
13656951
13657098
13660783
13661918
13662612
13662621
13663104
13663394
13663776
13663983
13666443
13667555
13668982
13669330
13669870
13669899
13671760
13672393
13672848
13673746
13673817
13673944
13674073
13675167
13675643
13677053
13678208
13678952
13679310
13679601
13679797
13680899
13681922
13682483
13682649
13683112
13683191
13684805
13684972
13685296
13689166
13689197
13690255
13690531
13690584
13692633
13694312
13694940
13695479
13698799
13700437
13703717
13706092
13706815
13707192
13707751
13708011
13708853
13709241
13709929
13710115
13710123
13710187
13710679
13710753
13711496
13711864
13712058
13712893
13714964
13715044
13715423
13716430
13716587
13717011
13717413
13717930
13719000
13719181
13719867
13720314
13720479
13720999
13721432
13721616
13721650
13721722
13721986
13722643
13727187
13728592
13729363
13729430
13729998
13730432
13732005
13732071
13733482
13733572
13733585
13734260
13736196
13736611
13736927
13738740
13739119
13739483
13739748
13741473
13741790
13741836
13744064