11402933
11405274
11406553
11407166
11408328
11410815
11411924
11412144
11413087
11414143
11414365
11414652
11415172
11416047
11417047
11417485
11419490
11420175
11420310
11421612
11422774
11423040
11423106
11423325
11423396
11423527
11423600
11424413
11424461
11424701
11427377
11427557
11427889
11428062
11428083
11428506
11428946
11429227
11434118
11434157
11435051
11435797
11437000
11437070
11437209
11437374
11437584
11438517
11438955
11439405
11439571
11439654
11439899
11440020
11440377
11441140
11441224
11441477
11442194
11444222
11444412
11444755
11445241
11445302
11445331
11446453
11449516
11449733
11450171
11451168
11451565
11451802
11451818
11451918
11452108
11452403
11452630
11453455
11455390
11455417
11455448
11455957
11456194
11456204
11456711
11457115
11457221
11457701
11457756
11457903
11459338
11459954
11461601
11461686
11462092
11462286
11462500
11462686
11462705
11463083
11463662
11463987
11464148
11464418
11465412
11465778
11465785
11465952
11466409
11466426
11467668
11467917
11468120
11468210
11468844
11469339
11470336
11470961
11471201
11471834
11472717
11473016
11474061
11474067
11474507
11474515
11474572
11474839
11474857
11475065
11475808
11475914
11478075
11478726
11479062
11479386
11479808
11479865
11480015
11480892
11481319
11481618
11482487
11482567
11482971
11484279
11484293
11485127
11485626
11485647
11485916
11486947
11487701
11487797
11488095
11490080
11490812
11492125
11494884
11496328
11496383
11496969
11496975
11497452
11497503
11497611
11497975
11499663
11499745
11499820
11500562
11501500
11501832
11502031
11502665
11502816
11502826
11503202
11503834
11504466
11504722
11506050
11506077
11506119
11506781
11507627
11508110
11509634
11509972
11510136
11511464
11513772
11513888
11514276
11515715
11515836
11516071
11516287
11516339
11516663
11517047
11517160
11517213
11517339
11517463
11518228
11519126
11519745
11519930
11520326
11520751
11520922
11521134
11521754
11522098
11522783
11523668
11523742
11524085
11524136
11524486
11525927
11527383
11528253
11528675
11529115
11529139
11531278
11531357
11531818
11534402
11534494
11534593
11534891
11535634
11535751
11535767
11536837
11539590
11540203
11540322
11540665
11541958
11543950
11544084
11544450
11547442
11547620
11548227
11548864
11549121
11549204
11549294
11549522
11549653
11549794
11551014
11552040
11552373
11552553
11552593
11553150
11553510
11553726
11554035
11554621
11555005
11555152
11555880
11556814
11556895
11556946
11557694
11558480
11559305
11559445
11560588
11560985
11561090
11562850
11562976
11563209
11565099
11565798
11565828
11566951
11567397
11568986
11568993
11570053
11570587
11570716
11570805
11571010
11571313
11571867
11574263
11574646
11576097
11576800
11576910
11577301
11578261
11580230
11580301
11580546
11580624
11581779
11582438
11582817
11583215
11583531
11584734
11585067
11585141
11586185
11586242
11587160
11587561
11588764
11590028
11590466
11591285
11593987
11594089
11594121
11594183
11594210
11594331
11594393
11594602
11595766
11595936
11596742
11598103
11598110
11599164
11599895
11600305
11601456
11601727
11601776
11602839
11602978
11603104
11603119
11604058
11604425
11604902
11605120
11605248
11605293
11605358
11605796
11606512
11606646
11607536
11607982
11608166
11609600
11609624
11609722
11609930
11613366
11613429
11615773
11617402
11620240
11621037
11621271
11621581
11621962
11622776
11624315
11624530
11625109
11625526
11625546
11626209
11626802
11627209
11628391
11628594
11628888
11629426
11629688
11630397
11630714
11631294
11633785
11634989
11639519
11641221
11641584
11646804
11647413
11647692
11648441
11649394
11649563
11650577
11651277
11652503
11652682
11652846
11654707
11654996
11655443
11655571
11655853
11656776
11657269
11657352
11657595
11658064
11658253
11658606
11659040
11659052
11659308
11659734
11660003
11660236
11660257
11660296
11660766
11663259
11663510
11663900
11664008
11664569
11664686
11664704
11664760
11665274
11669022
11669704
11669850
11669873
11669939
11670058
11670542
11671242
11671332
11671560
11671835
11672061
11672283
11672628
11672725
11672821
11673171
11673981
11674021
11674585
11676175
11676471
11677751
11678072
11678332
11680238
11680677
11681608
11681795
11682184
11682869
11682968
11683312
11683640
11684469
11687446
11688532
11688680
11688754
11688836
11689194
11690205
11690485
11690597
11690884
11694475
11694678
11695273
11695428
11695449
11698343
11698960
11699564
11699675
11700053
11703672
11704169
11705074
11708637
11709405
11709624
11709637
11711286
11711581
11711731
11712506
11712826
11713269
11713529
11713924
11714707
11714775
11714955
11717342
11718037
11718592
11718733
11718815
11718954
11719045
11719712
11721605
11722346
11722927
11723112
11723691
11724248
11724382
11724499
11726149
11726655
11728910
11729263
11729350
11729506
11729581
11730679
11731208
11731406
11731630
11731671
11731731
11732029
11732921
11734486
11735523
11736645
11736796
11737324
11738633
11740320
11740431
11742997
11743277
11743838
11744261
11744302
11744549
11745587
11746112
11747083
11747198
11747828
11747901
11748257
11749906
11752706
11752794
11753413
11753524
11753972
11754041
11754407
11754870
11755204
11755219
11755483
11755749
11755926
11755965
11756556
11758557
11759855
11761295
11761414
11761669
11761700
11762056
11762357
11764809
11765406
11765648
11766175
11767631
11768056
11768708
11768723
11769251
11769387
11770116
11770436
11770517
11770814
11772557
11772745
11773038
11773440
11773546
11774989
11775002
11775349
11775743
11776780
11777096
11777282
11777392
11777489
11777889
11778983
11779102
11779525
11779818
11780598
11784027
11784099
11784351
11784443
11784570
11784610
11785292
11785603
11785718
11789041
11789297
11790231
11790809
11790918
11792930
11794087
11794294
11794532
11795416
11795656
11796928
11797114
11797280
11797419
11797452
11797861
11798095
11798317
11798905
11799220
11799775
11799839
11800534
11800695
11801226
11801585
11802504
11804200
11804789
11805016
11806874
11806907
11807425
11807518
11808453
11808831
11809383
11811702
11814194
11814650
11815554
11815636
11816148
11819438
11820177
11821385
11821850
11823046
11823410
11823733
11824149
11824436
11824619
11826393
11827000
11827061
11829370
11830656
11832295
11832944
11833264
11833736
11833762
11834371
11834583
11834610
11835701
11835896
11835955
11838782
11838829
11839241
11839881
11841188
11841533
11841913
11842250
11842401
11842513
11842736
11843009
11845013
11845151
11845236
11845252
11845575
11845613
11846012
11846243
11846882
11847029
11847158
11847562
11847653
11847726
11847933
11848005
11848526
11849576
11850231
11850516
11850956
11850993
11851162
11851256
11852927
11853314
11853516
11853972
11854221
11858663
11859009
11859162
11859634
11859734
11859828
11860285
11860325
11861366
11863061
11863350
11863439
11863636
11863853
11864452
11864621
11865296
11865344
11865368
11866253
11866572
11866750
11867104
11867730
11868421
11868457
11869071
11869716
11870511
11871121
11871695
11873370
11873439
11874609
11875765
11876309
11877675
11877958
11878038
11878115
11878565
11878695
11880064
11880793
11881957
11882366
11882469
11882871
11883011
11885236
11885959
11885997
11887237
11888405
11892568
11892896
11892945
11894905
11895496
11896269
11896493
11896608
11896991
11901074
11901173
11901482
11901943
11901986
11902034
11903767
11904094
11905311
11906633
11906836
11908466
11909122
11909176
11911341
11911571
11911606
11912874
11912893
11913533
11913586
11915254
11917550
11917749
11918031
11918684
11918819
11919441
11919660
11920237
11920984
11921485
11923415
11923845
11924240
11925588
11927714
11927868
11928389
11929874
11930061
11931399
11932119
11932508
11932626
11933475
11933501
11933888
11933982
11934074
11934088
11934914
11935515
11936221
11936309
11936343
11936557
11936653
11936683
11937058
11937126
11937611
11937799
11937805
11938058
11938600
11939177
11939327
11939408
11941468
11941797
11942123
11942721
11942745
11944201
11944359
11945086
11945264