13745109
13749547
13749747
13749772
13752095
13752894
13754951
13755341
13756203
13756975
13758063
13758440
13758590
13759321
13759877
13760244
13761179
13761586
13761621
13762082
13762498
13762880
13764609
13764874
13765777
13766478
13766499
13767503
13767512
13767544
13768988
13769285
13773649
13775076
13776007
13776221
13776584
13777677
13778016
13778288
13778354
13779513
13779822
13779853
13779897
13781349
13782293
13783419
13783646
13784044
13786500
13788588
13789421
13790112
13791104
13799395
13799440
13800489
13800793
13802855
13803359
13806112
13806336
13806474
13806911
13806946
13807070
13808504
13812219
13812741
13813022
13813153
13813196
13817524
13817822
13818453
13819115
13819762
13820252
13820462
13821154
13821696
13823821
13825113
13827912
13828329
13830038
13830695
13830869
13831801
13831977
13832107
13833106
13833428
13834345
13835578
13835836
13839117
13839996
13840668
13841459
13841688
13842234
13843006
13845527
13845783
13846363
13846475
13847809
13850487
13850504
13852040
13852226
13855528
13856008
13858890
13859324
13862266
13862309
13862419
13864148
13865619
13866318
13866613
13866964
13869357
13870791
13870971
13872231
13872457
13873794
13875086
13875488
13875732
13880276
13881866
13882457
13883282
13883605
13884261
13884363
13885251
13886265
13887360
13888318
13888477
13889132
13890161
13891774
13891921
13894669
13894843
13895016
13898050
13898677
13898704
13899427
13901809
13901869
13902814
13903167
13905448
13906111
13907677
13908556
13909174
13909560
13912156
13912671
13913076
13915462
13916473
13916500
13917070
13917856
13920165
13920557
13922074
13922093
13924065
13924499
13925755
13930366
13930910
13931939
13935021
13935092
13935584
13936234
13937538
13938600
13940917
13941158
13941497
13942321
13942391
13942846
13943292
13944440
13945822
13946540
13947428
13947490
13947518
13949185
13949448
13949955
13952877
13953419
13954997
13955700
13956295
13956457
13956695
13957427
13957454
13958230
13961210
13962596
13963220
13965099
13966366
13966467
13966890
13967331
13967384
13968082
13968719
13969097
13969778
13969788
13969879
13969909
13971110
13971302
13971646
13971830
13974851
13975743
13975901
13976066
13977605
13979040
13979830
13980191
13981556
13981741
13981853
13982065
13982341
13985502
13986031
13989699
13989879
13990258
13991807
13991897
13992368
13992537
13993092
13993504
13994548
13994924
13995353
13995403
13995801
13996210
13997852
13998359
13999261
14000041
14001527
14001918
14002584
14005672
14006747
14006915
14010265
14011897
14014469
14018599
14018926
14019555
14021499
14024724
14026748
14027706
14029094
14029814
14030366
14030665
14030858
14031188
14031392
14032325
14032799
14033887
14034456
14034880
14037128
14038021
14038875
14039338
14039870
14041742
14043256
14043849
14044645
14044820
14045323
14045760
14049183
14049968
14050279
14051204
14053346
14053355
14054406
14054431
14054567
14055557
14058120
14058589
14059701
14060279
14060727
14062356
14062888
14064350
14065244
14066536
14067200
14067558
14067765
14068167
14068205
14069291
14069811
14071306
14072325
14072379
14074521
14074810
14075070
14075598
14076464
14076590
14076810
14077604
14077913
14081661
14082726
14082906
14082920
14083950
14085352
14086573
14086890
14088761
14088952
14089254
14089474
14090108
14091339
14091425
14091560
14093838
14094839
14095314
14095834
14096862
14097535
14097971
14100208
14100477
14100528
14100907
14101139
14101691
14102561
14103722
14104014
14104404
14104619
14105341
14105705
14106153
14106307
14107173
14108272
14110310
14111899
14112322
14112347
14113100
14113292
14113368
14113900
14114168
14114273
14114346
14114410
14117555
14118563
14120101
14121377
14121681
14121797
14122808
14123287
14123570
14127508
14129210
14131975
14132847
14133209
14134609
14134725
14138963
14142808
14143599
14143813
14146108
14146538
14146622
14146707
14147075
14147783
14147910
14150159
14150455
14150541
14150763
14150976
14153349
14154622
14154763
14154911
14155078
14156065
14156075
14156708
14158709
14158753
14159342
14161862
14162169
14165566
14165624
14165685
14168902
14169419
14171700
14172935
14173869
14174563
14175650
14176327
14176417
14176758
14177381
14177437
14177947
14180998
14181353
14181895
14182125
14182930
14183259
14183397
14184193
14185028
14185618
14187970
14188131
14188736
14189605
14190144
14190745
14193194
14193311
14193691
14195668
14195798
14197279
14197285
14198051
14199199
14203252
14207024
14207111
14207395
14210491
14212249
14212359
14215619
14215901
14218727
14219331
14221050
14221270
14222139
14223928
14225235
14226581
14227145
14227793
14228307
14231461
14232014
14232066
14232365
14232407
14232611
14233984
14234472
14235510
14235528
14235784
14237898
14239515
14239779
14240425
14240478
14242144
14242741
14243132
14243801
14243890
14244032
14244310
14244454
14244509
14245496
14249072
14249703
14250151
14250347
14251771
14252562
14252837
14254982
14256104
14256376
14257144
14257445
14257555
14257702
14257896
14258041
14258653
14259773
14259967
14261442
14262461
14265428
14266081
14267034
14267997
14271115
14272503
14273527
14273551
14273605
14273903
14274437
14275460
14275671
14278580
14278867
14279361
14279584
14280155
14282443
14282510
14282795
14282956
14285427
14286414
14287368
14288279
14289632
14291026
14292102
14292154
14292908
14293460
14293745
14294363
14294580
14295796
14296401
14296575
14296852
14297148
14298510
14298632
14298863
14299202
14299279
14300084
14300241
14301107
14301130
14301223
14301781
14302992
14303856
14305769
14306121
14308094
14310284
14310707
14310911
14311402
14312162
14312246
14312515
14314144
14314548
14315068
14315368
14315516
14315537
14315548
14316480
14316623
14316831
14317003
14317985
14318025
14318463
14318656
14320678
14321550
14321855
14322673
14323143
14324530
14325117
14326634
14326794
14327653
14329478
14330203
14330299
14330308
14331034
14331261
14333068
14335004
14338393
14338594
14338731
14339674
14340032
14341921
14342127
14346304
14348853
14350786
14351430
14351734
14352138
14353248
14354817
14355876
14356173
14358274
14363659
14364794
14366475
14366484
14367156
14367575
14368593
14369086
14369719
14370738
14371742
14371784
14372006
14376657
14376875
14377821
14381821
14384422
14386354
14387720
14389135
14389320
14389662
14390338
14393936
14394210
14394624
14394775
14396328
14405647
14405939
14406430
14407001
14407687
14408422
14408792
14408875
14414556
14417775
14417858
14417870
14420788
14422855
14423142
14423398
14426096
14426348
14426877
14426973
14427067
14428137
14428403
14431076
14435218
14436103
14436143
14438082
14438644
14439938
14442043
14442407
14442455
14442766
14444041
14444088
14446576
14446641
14447089
14447284
14447764
14448698
14449333
14450966
14455864
14457065
14457226
14457613
14457886
14458420
14459814
14460981
14462301
14463969
14467327
14470028
14470486
14470550
14470623
14471799
14473722
14475309
14476680
14477803
14478096
14479338
14479429
14480293
14480512
14480542
14480850
14480861
14481417
14482079
14483359
14488161
14488272
14491229
14491345
14492205
14492981
14495541
14495599
14496892
14497733
14499238
14499299
14506693
14509923
14511914
14511962
14512492
14513044
14516288
14516332
14516797
14518794
14520955
14527138
14527719
14529923
14532038
14534334
14534952
14536596
14537353
14537906
14538892
14541541
14542514
14546578
14548285
14549605
14550188
14550435
14550704
14551450
14552450
14553062
14553340
14553844
14559217
14559237
14567604
14570710
14571281
14571763
14572549
14572562
14573077
14573548
14575034
14586112
14586441
14589864
14595413
14596726
14602669
14602849
14610166
14613086
14614230
14616611
14619446
14619981
14621244
14621311
14625953
14628830
14630899
14632954
14633461
14633539
14633711
14635276
14652214
14652810
14653247
14654827
14654899
14655935
14656492
14658054
14658542
14659171
14659177
14659206
14659431
14661082
14662147
14663598
14664924
14669473
14669689
14670387
14672051
14673143
14673192
14673987
14674073
14674471
14676663
14677175
14677911
14678444
14680899
14682751
14683266
14683763
14685156
14685652
14686466
14692481
14693398
14696153
14697208
14697481
14699253
14699420
14699521
14700207
14701529
14702657
14705193
14705922
14707264
14707531
14707583
14707849
14708963
14709066
14709461
14710102
14713315
14716056
14717633
14718575
14720001
14720162
14721423
14722359
14722561
14726056
14726411
14726665
14728477
14728499
14729103
14729127
14730044
14732892
14737003
14737438
14738204
14738290
14738321
14738357
14739705
14747890
14748168
14748178
14748381
14749185
14749734
14749844
14750705
14751290
14751425
14751880
14752181
14754093
14754513
14754771
14756331
14757879
14758206
14758355
14758428
14761487
14761818
14762033
14768210
14768341
14768821
14769001
14770545
14771439
14772385
14772831
14774689
14777496
14782714
14783178
14785471
14786207
14787055
14787924
14788438
14788545
14788757
14789564
14792435
14793308
14794396
14794848
14797872
14798314
14798863
14800853
14800903
14800912
14800918
14802484
14802593
14803386
14804916
14805239
14805268
14807050
14807315
14807897
14808204
14809583
14810342
14811031
14811780
14813462
14815245
14819935
14820843
14821030
14821965
14822520