12502485
12502692
12502861
12504636
12504731
12505522
12505933
12506113
12506224
12506538
12507081
12507775
12507934
12508292
12508365
12508707
12509025
12510256
12510500
12511401
12511484
12511623
12513236
12513885
12514129
12514240
12515773
12517138
12517254
12517303
12517625
12518073
12518446
12518865
12518874
12519332
12519553
12519642
12519819
12519897
12520015
12520042
12520345
12520372
12521007
12521129
12521251
12521449
12521706
12523301
12523431
12524040
12524325
12524408
12524453
12525449
12525648
12526307
12527672
12527975
12528315
12528527
12529524
12530225
12531759
12532584
12532713
12533064
12533239
12533599
12534275
12536141
12536326
12536712
12536884
12536978
12537358
12537494
12537958
12539146
12539406
12540444
12542575
12543431
12543528
12544126
12544146
12544858
12545334
12545542
12546207
12546334
12546666
12547080
12547171
12547268
12547541
12547643
12548109
12549717
12550160
12550866
12550897
12552129
12552717
12552834
12554816
12555193
12555392
12555402
12555408
12557833
12558126
12560186
12561186
12561193
12561206
12561257
12562580
12563212
12563281
12563504
12563616
12563893
12564325
12564460
12564647
12564837
12565073
12565363
12565369
12566511
12566740
12566895
12566935
12566983
12567021
12567181
12567265
12567334
12567536
12567556
12568315
12568998
12569164
12569193
12569361
12570472
12570547
12571482
12571600
12572553
12572899
12573481
12573641
12574012
12574174
12574501
12575261
12575693
12576149
12576782
12577199
12577283
12577382
12577713
12577792
12578932
12579056
12579108
12580434
12580681
12581041
12581910
12582726
12582761
12582875
12583186
12583539
12583704
12584146
12584467
12584473
12584479
12584767
12584774
12584880
12585253
12585581
12585701
12585817
12585857
12585878
12585937
12586092
12587316
12587452
12588088
12588490
12588596
12589330
12589631
12592113
12592308
12593017
12593928
12594091
12594213
12594420
12595028
12595208
12595987
12597075
12598053
12598666
12599209
12599346
12599435
12599559
12599565
12599591
12599731
12600199
12600505
12600552
12600991
12601140
12601147
12601774
12601881
12602131
12602152
12602202
12602342
12603253
12603607
12604139
12604400
12605172
12605455
12606137
12606556
12607102
12607811
12608967
12609491
12609878
12610230
12610958
12611278
12611476
12612223
12612322
12612514
12612550
12613062
12614400
12614797
12614941
12614962
12615007
12616033
12618243
12618334
12619430
12619707
12620196
12620286
12620516
12620654
12621007
12621267
12621457
12622022
12623403
12623570
12623646
12624096
12624116
12624939
12625317
12626505
12626702
12626745
12626817
12627855
12628818
12628865
12629147
12629173
12629785
12630059
12630122
12630426
12630446
12630908
12631861
12632714
12633187
12633299
12633629
12633746
12634302
12634582
12635483
12636477
12637061
12637068
12637220
12637450
12637918
12638062
12638615
12639292
12640971
12641325
12641612
12642985
12644110
12644264
12644335
12645165
12645991
12646168
12646298
12646629
12646804
12647248
12648054
12648372
12648808
12648883
12649884
12650469
12650605
12650697
12650932
12651237
12651279
12651331
12651753
12651923
12651997
12652275
12652333
12652544
12652554
12652879
12653451
12653855
12654642
12654860
12655001
12655660
12655936
12656100
12656543
12656593
12656627
12657168
12657370
12657449
12657737
12657771
12659593
12659607
12659620
12659703
12660055
12660245
12660548
12660588
12661755
12662541
12662920
12663046
12664048
12665311
12666429
12666850
12670114
12670676
12670832
12672223
12673361
12674992
12675427
12675557
12675832
12676323
12676559
12676745
12676788
12678729
12681817
12681871
12682065
12682137
12683055
12683909
12684107
12684743
12685687
12685762
12685870
12686258
12687198
12687586
12687704
12687710
12687968
12688483
12689188
12689651
12690727
12692294
12692838
12693012
12693182
12693540
12693614
12693895
12694025
12694432
12694577
12694627
12694836
12694858
12696469
12696487
12696621
12697993
12698042
12698180
12698409
12699651
12699659
12700198
12700286
12700625
12700988
12701014
12701212
12701316
12701779
12701872
12701901
12701974
12702043
12702312
12702357
12702431
12702460
12702695
12702891
12703075
12703244
12703346
12703362
12703415
12703422
12703442
12703471
12703482
12703549
12703580
12703615
12703677
12703684
12703708
12703714
12703728
12703740
12703769
12703856
12703862
12703998
12704025
12704046
12704105
12704160
12704168
12704191
12704213
12704226
12704279
12704305
12704378
12704437
12704550
12704608
12704621
12704656
12704736
12704770
12704787
12704809
12704894
12704937
12704952
12704986
12705017
12705026
12705182
12705240
12705283
12705298
12705366
12705387
12705405
12705455
12705565
12705599
12705655
12705715
12705736
12705761
12705800
12705925
12705951
12706101
12706129
12706167
12706227
12706250
12706290
12706446
12706461
12706467
12706603
12706646
12706661
12706677
12706724
12706772
12706786
12706885
12706908
12706931
12707001
12707057
12707076
12707145
12707151
12707172
12707190
12707206
12707235
12707259
12707284
12707408
12707512
12707524
12707598
12707712
12707730
12707833
12708049
12708071
12708103
12708138
12708181
12708267
12708453
12708576
12708601
12708745
12708775
12708813
12708889
12708910
12708982
12709028
12709046
12709465
12709542
12710417
12710539
12710690
12710747
12710767
12710813
12711250
12711344
12711370
12711449
12711633
12711742
12711861
12711891
12712096
12712133
12712215
12712236
12712244
12712437
12712471
12712502
12712853
12712922
12713008
12713167
12713212
12713250
12713279
12713309
12713538
12715206
12715318
12716113
12716504
12716900
12716907
12717480
12717665
12717723
12717946
12717966
12718165
12718997
12719251
12719583
12720142
12720372
12720398
12720471
12720725
12720880
12720990
12721037
12721363
12721382
12721501
12721551
12721558
12721652
12721668
12721698
12721753
12721961
12721981
12721991
12722111
12722236
12722457
12722567
12722739
12722877
12722939
12723097
12723173
12723183
12723276
12723347
12723405
12723484
12723544
12723652
12723710
12723775
12723808
12723818
12723835
12723898
12723920
12723943
12723963
12724059
12724076
12724164
12724182
12724197
12724446
12724621
12724755
12724779
12724796
12724980
12724990
12725563
12725823
12725934
12726077
12726189
12726248
12726343
12726518
12726570
12726847
12727106
12727180
12727403
12728087
12728103
12728339
12728572
12728600
12728781
12728956
12729243
12729889
12730246
12730257
12731067
12731281
12731534
12731563
12731600
12731763
12731993
12732549
12732688
12732699
12732705
12732712
12732718
12732874
12732930
12733918
12734943
12735341
12735397
12737356
12737626
12738012
12738476
12738813
12739770
12740386
12741423
12741835
12742586
12742641
12742690
12743169
12743266
12743286
12744198
12744302
12744376
12745018
12745199
12745251
12746318
12747121
12747201
12747978
12748033
12748136
12749007
12749545
12750179
12750582
12750596
12750680
12750968
12751302
12751394
12751655
12751688
12752959
12753147
12754013
12754564
12755577
12755647
12758087
12759422
12759493
12759534
12759831
12761109
12761602
12761672
12761689
12761965
12762407
12763400
12763681
12764469
12765014
12766583
12767134
12767427
12767458
12768553
12768883
12770999
12771613
12772246
12772532
12774783
12775666
12776846
12777521
12777716
12778214
12778333
12778788
12779835
12779894
12780366
12781527
12781923
12782923
12784726
12786675
12789874
12790105
12791851
12792172
12792563
12796935
12797014
12800023
12800545
12803935
12805514
12805983
12806190
12807287
12807355
12808526
12809613
12813301
12813350
12813374
12813506
12815080
12816754
12820488
12822287
12822686
12822702
12822711
12822827
12823314
12823945
12824380
12826449
12830991
12831896
12833432
12836632
12837112
12837499
12837674
12838760
12839789
12839938
12840068
12841131
12842226
12843055
12843191
12844051
12844325
12845481
12845511
12845588
12845777
12845827
12846132
12846694
12847662
12848262
12848724
12850479
12851122
12852442
12853752
12854568
12854735
12855877
12857913
12860554
12860625
12860842
12861024
12861472
12862842
12862874
12864156
12864622
12865305
12865437
12865650
12866486
12867010
12867519
12867793
12869461
12869528
12869609
12870348
12870621
12870739
12871652
12871806
12875536
12877534
12878914
12883155
12883621
12884279
12891285
12892241
12893285
12895689
12900142
12906338
12907424
12909102
12913208
12913639
12914254
12914439
12916736
12916964
12919040
12919624
12919922
12921301
12922366
12922474
12923402
12923544
12924023
12924153
12925334
12925707
12926440
12926568
12927993
12929263
12929952
12930011
12932161
12932680
12933145
12936837
12937434
12938001
12939118
12939645
12939894
12940502
12942009
12945202
12945843
12946085
12947025
12948131
12948632
12950507
12950529
12950556
12950865
12950895
12951615
12954249
12957523
12960114
12960270
12961395
12962431
12963420
12963725
12964007
12967125
12967715
12968621
12968667
12968790
12969859
12970121
12970534
12970936
12971857
12972183
12974820
12974913
12976005
12976278
12976351
12977047
12978705
12979252
12980964
12981240
12982274
12982677
12983450
12984352
12986634
12986916
12987492
12989435
12989622
12990008
12990214
12991263
12991608
12991675
12992477
12992793
12993460
12993592
12993874
12994765
12997504
13000037
13001486
13001549
13001870
13002085
13002191
13002234
13002608
13003889
13006224
13007529
13008479
13009379
13009605
13009983
13010934
13011254
13013384
13013729
13014740
13014888
13015082
13015175
13019283
13019311
13019349
13020875
13020883
13021180
13021718
13024708
13027985
13029566
13029587
13031203
13032310
13033025
13035065
13035195
13036387
13040389
13041431
13043050
13045994
13046107
13046424
13046515
13046643
13046844
13048840
13048873
13048962
13050912
13053279
13054090
13054293
13055371
13056165
13057494
13057739
13057851
13059656
13059874
13060091
13061614
13061727
13061935
13063434
13063571
13063610
13065746
13065773
13065798
13066999
13067014
13067179
13067342
13067833
13067985
13069011
13069566
13070887
13071558
13071848
13071926
13071938
13072220
13072299
13072418
13074955
13075097
13075399
13075662
13076331
13077417
13077463
13078067
13078885
13080687
13081304
13081401
13082142
13083037
13083293
13084056
13084090
13084133
13084436
13086942
13087175
13087468
13087754
13089632
13090554
13091157
13092112
13093423
13093589
13094050
13094249
13094600
13095009
13095576
13096183
13096428
13097031
13097116
13098788
13099277
13100231
13101065
13101962
13102099
13102759
13103286
13103664
13103934
13105495
13108192
13109380
13109675
13109835
13110074
13111630