6246092
6246137
6246193
6246262
6246424
6246476
6246634
6247793
6247906
6248007
6248129
6248237
6248563
6248595
6248646
6248712
6248993
6249029
6249080
6249103
6249189
6249652
6249808
6249897
6250365
6250461
6250537
6250599
6250713
6250784
6250900
6251007
6251094
6251149
6251228
6251275
6251332
6251402
6251471
6251493
6251567
6251738
6251919
6251948
6251982
6252090
6252111
6252237
6252247
6252393
6252480
6252716
6252931
6253050
6253093
6253107
6253166
6253219
6253300
6253589
6253755
6253960
6254159
6254252
6254350
6254424
6254860
6254914
6255197
6255204
6255376
6255449
6255455
6255669
6255777
6255786
6255825
6255925
6256202
6256226
6256383
6256409
6256672
6256933
6257366
6257789
6257971
6258358
6258404
6258440
6258575
6258636
6258683
6258738
6258859
6259059
6259256
6259928
6260413
6260459
6260562
6260621
6260843
6261081
6261238
6261614
6261632
6261722
6261819
6261950
6262228
6262397
6262551
6262777
6262823
6262926
6262958
6262979
6263063
6263274
6263439
6263736
6263789
6263798
6263959
6263982
6263999
6264092
6264205
6264264
6264286
6264314
6264345
6264651
6264734
6264750
6264802
6264841
6264850
6264885
6265166
6265298
6265483
6265747
6265778
6265893
6266006
6266097
6266132
6266186
6266213
6266222
6266253
6266321
6266396
6266473
6266487
6266509
6266520
6266570
6266583
6266703
6266717
6267875
6267897
6267948
6267971
6268031
6268133
6268254
6268302
6268333
6268344
6268396
6268412
6268431
6268440
6268582
6268953
6269085
6269204
6269269
6269371
6269463
6269529
6269563
6269710
6269737
6269921
6270160
6270359
6270544
6270618
6271028
6271162
6271291
6271834
6271963
6272009
6272057
6272089
6272980
6273413
6273773
6273807
6273897
6273997
6274187
6274199
6274205
6274239
6274309
6274602
6274992
6275288
6275398
6275635
6275678
6275784
6275872
6275932
6276308
6276449
6276613
6276633
6276978
6276995
6277412
6277445
6277610
6277662
6277894
6278188
6278210
6278263
6278304
6278333
6278701
6278867
6279121
6279521
6279675
6280034
6280160
6280698
6280940
6281191
6281257
6281603
6282400
6282465
6282556
6282636
6282657
6282885
6282994
6283307
6283510
6284047
6284096
6284720
6285152
6285478
6285863
6285916
6286172
6286277
6286483
6286721
6286742
6286915
6286987
6287029
6287052
6287101
6287308
6287398
6287419
6287572
6287788
6287939
6288004
6288066
6288404
6288497
6288520
6288576
6288693
6288755
6288792
6288852
6288920
6288980
6289023
6289034
6289095
6289102
6289133
6289360
6289386
6289431
6289486
6289492
6289589
6289792
6289801
6289832
6289841
6289872
6290022
6290178
6290289
6290379
6290399
6290411
6290509
6290633
6290647
6290806
6290919
6290960
6291345
6291840
6291854
6291969
6292044
6292096
6292258
6292275
6292365
6292371
6292380
6292638
6292944
6293081
6293362
6293463
6293497
6293521
6293615
6293657
6293797
6293890
6294977
6295078
6295257
6295484
6295624
6295649
6295937
6296045
6296073
6296147
6296465
6296643
6296714
6296771
6297003
6297446
6297457
6297643
6297716
6297803
6297909
6297919
6298068
6298305
6298341
6298430
6298582
6298636
6298710
6298811
6299075
6299138
6299373
6299572
6299838
6299958
6299999
6300179
6300430
6300483
6300499
6300519
6300718
6300983
6301245
6301290
6301612
6301849
6301935
6301957
6302270
6302678
6302793
6302830
6302986
6303251
6303403
6303522
6303607
6303676
6303786
6303796
6304015
6304521
6304779
6305750
6306142
6306197
6306256
6306765
6306853
6307362
6307663
6307973
6308001
6308104
6308121
6308214
6308396
6308606
6308778
6308940
6309358
6309379
6309392
6309438
6309452
6309465
6309536
6309599
6309747
6309793
6309804
6309840
6309909
6310192
6311069
6311079
6311112
6311137
6311148
6311383
6311392
6311409
6311536
6311609
6311677
6311703
6311872
6311891
6311952
6311989
6312076
6312234
6312330
6312427
6312448
6312468
6312621
6312764
6313147
6313162
6313186
6313210
6313266
6313307
6313534
6313719
6314049
6314218
6314249
6314441
6314946
6315002
6315141
6315182
6315257
6315375
6315430
6315478
6315559
6315649
6316341
6316613
6316625
6316657
6316683
6317041
6317240
6317545
6317569
6317579
6317734
6317746
6317872
6318094
6318272
6318295
6318319
6318463
6318773
6318836
6319238
6319346
6319450
6319742
6319853
6320257
6320326
6320931
6321072
6321138
6321196
6321302
6321508
6321799
6321900
6322056
6322513
6322931
6323355
6324027
6324071
6324291
6324372
6324781
6325629
6325755
6326169
6326435
6326763
6326779
6327069
6327146
6327176
6327198
6327707
6328000
6328042
6328069
6328113
6328204
6328508
6328569
6328880
6329050
6329102
6329564
6329669
6329759
6329933
6329982
6330091
6330109
6330127
6330137
6330236
6330547
6330562
6330975
6331029
6331091
6331603
6332595
6332648
6333231
6333563
6333636
6333658
6333670
6333720
6333816
6334028
6334183
6334189
6334211
6334259
6334280
6334558
6334635
6334761
6334793
6334808
6335032
6335262
6335528
6335614
6335649
6335834
6335930
6336288
6336322
6336636
6336701
6336747
6336779
6337583
6337734
6337778
6337930
6337972
6338182
6338354
6338585
6338756
6338776
6339544
6339647
6340857
6340926
6341131
6341323
6341368
6341774
6341824
6342297
6342402
6342430
6342639
6342838
6343073
6343386
6343789
6344167
6344842
6344908
6345883
6345922
6346311
6346475
6346755
6346763
6347032
6347190
6347553
6347815
6348126
6348303
6348367
6348382
6348419
6348474
6348488
6348543
6348572
6348768
6349284
6349336
6349395
6349484
6349710
6349905
6350011
6350071
6350105
6350278
6350606
6351349
6351532
6352035
6352166
6352548
6353006
6353032
6353262
6353352
6353641
6353835
6353956
6354190
6354225
6354392
6354480
6355158
6355280
6355447
6356672
6356703
6356729
6356775
6357092
6357204
6357512
6357518
6357694
6357834
6358539
6358935
6359149
6359281
6359515
6359575
6359974
6360152
6360307
6360644
6360677
6361086
6361238
6361542
6362156
6362298
6362429
6362555
6362865
6362960
6362991
6364100
6364886
6364930
6365587
6365689
6365913
6366547
6366744
6367021
6367121
6367154
6367180
6367348
6367530
6367625
6367907
6367914
6368296
6368316
6368447
6368514
6368664
6368943
6369058
6369253
6369335
6369606
6369851
6369860
6371646
6371848
6371921
6371935
6372048
6372120
6372248
6372264
6372364
6372501
6372846
6373232
6373311
6373525
6374087
6374318
6374654
6374711
6374948
6374996
6375312
6375485
6375682
6375788
6375908
6376079
6376272
6376331
6376380
6376389
6377014
6377521
6377594
6377676
6377948
6378060
6378085
6378104
6378287
6378497
6378657
6379119
6379218
6379232
6379387
6379556
6379598
6379885
6379931
6379954
6380218
6380256
6380392
6380516
6380884
6380946
6381570
6381766
6381999
6382009
6382096
6382461
6382865
6383193
6383991
6384014
6384255
6384294
6384921
6385546
6385672
6385847
6386177
6386439
6386599
6387224
6387396
6387482
6387680
6387843
6388695
6388700
6388726
6388872
6390432
6390855
6391395
6391878
6392113
6392278
6392310
6392467
6392878
6393469
6393514
6393692
6393935
6394112
6394208
6394220
6394239
6394288
6394313
6394353
6394565
6394638
6394644
6394672
6394758
6394774
6394806
6394819
6395129
6395178
6395259
6395301
6395335
6395572
6395581
6395616
6395722
6395747
6395853
6395871
6395959
6396014
6396163
6396260
6396383
6396532
6396670
6396789
6396835
6396907
6396944
6397001
6397053
6397069
6397266
6397309
6397334
6397965
6397982
6398253
6398278
6398393
6398453
6398633
6398734
6398906
6398986
6399104
6399124
6399200
6399418
6399536
6399594
6399666
6399751
6399785
6399961
6400152
6400302
6400328
6400690
6400762
6400788
6402075
6402139
6402390
6402409
6402495
6402721
6402732
6403014
6403484
6403497
6403824
6404218
6404275
6404449
6404527
6404611
6404667
6404737
6404750
6405097
6405152
6405482
6405831
6405928
6406365
6406402
6406698
6406747
6406770
6406840
6406866
6406880
6406913
6406944
6407341
6407352
6407473
6407536
6407689
6407775
6407992
6408215
6408308
6408563
6408571
6408624
6408659
6408751
6408832
6409224
6409269
6409417
6409482
6409581
6409883
6410106
6410129
6410725
6410920
6411625
6411722
6411809
6411908
6412008
6412103
6412282
6412350
6412377
6412476
6413214
6413412
6413459
6413563
6413849
6414615
6414731
6415294
6415395
6415988
6416324
6416543
6416581
6416602
6417140
6417192
6417336
6417423
6417446
6417501
6417555
6417665
6417808
6417833
6418025
6418097
6418252
6418278
6418285
6418308
6418495
6418528
6418573
6418834
6419086
6419097
6419142
6419243
6419423
6419490
6419555
6419580
6419587
6420003
6420155
6420382
6420444
6420719
6420833
6420854
6420930
6420966
6421055
6421146
6421280
6421298
6421377
6421385
6421787
6421819
6422131
6422193
6422378
6422433
6422541
6422616
6422682
6422701
6422899
6422947
6422974
6422999
6423218
6423229
6423263
6423281
6423497
6423583
6423682
6423760
6423829
6424038
6425340
6425394
6425432
6425856
6425974
6425989
6426022
6426058
6426174
6426334
6426541
6426598
6426699
6426906
6427000
6427070
6427260
6427468
6427541
6427760
6427894
6428050
6428439
6428549
6428605
6429167
6429431
6429851
6430213
6430683
6430830
6430845
6430891
6431185
6431442
6431970
6432098
6432260
6432424
6432485
6432599
6432775
6432914
6433058
6433390
6433458
6433621
6433654
6434040
6434133
6434167
6434332
6434538
6434849
6435331
6435506
6435608
6435780
6436084
6436670
6436777
6437005
6437024
6437196
6437217
6437407
6437718
6437960
6438458
6438708
6439584
6439683
6439691
6439704
6440084
6440422
6440437
6440482
6440591
6440647
6440696
6440743
6440827
6440895
6440917
6441086
6441210
6441361
6441368
6441594
6441724
6441776
6441858
6442001
6442097
6442108
6442129
6442242
6442309
6442377
6442449
6442500
6442562
6442624
6442743
6442827
6442863
6442903
6442919
6442960
6442979
6443002
6443063
6443091
6443340
6443423
6443439
6443449
6443694
6443707
6443761
6444008
6444084
6444094
6444115
6444181
6444429
6444464
6444539
6444551
6444704
6444782
6445080
6445149
6445183
6445440
6445679
6445769
6445783
6445859
6445911
6445958
6446062
6446128
6446186
6446287
6446528
6446764
6446788
6446924
6447018
6447055
6447303
6447339
6447417
6447499
6447515
6447522
6447618
6449215
6449400
6449603
6449750
6449785
6449951
6450040
6450381
6450637
6450646
6450663
6450885
6450931
6450966
6450980
6451121
6451777
6452105
6452309
6452525
6452539
6452556
6452879
6452995
6453044
6453233
6453247
6453314
6453609
6453633
6453800
6454328
6454846
6454973
6455169
6455581
6455689
6455722
6455782
6455813
6456024
6456053
6456090
6456227
6456302
6456519
6456695
6456810
6456862
6456964
6457009
6457203
6457340
6457600
6457885
6458008
6458043
6458059
6458080
6458376
6458529
6458772
6458797
6458849
6458879
6458921
6459670
6459723
6459824
6460183
6460431
6461332
6461405
6461571
6462411
6462831
6463192
6463329
6463990
6464333
6465042
6465067
6465077
6465168
6465203
6465302
6465616
6465699
6466046
6466126
6466163
6466274
6466332
6466397
6466429
6466437
6466496
6466584
6467639
6467756
6467806
6467858
6467930
6468061
6468077
6468148
6468256
6468262
6468406
6468449
6468507
6468605
6468678
6468714
6468743
6468838
6469401
6470030
6470107
6470271
6470291
6470374
6470574
6470759
6470852
6470947
6471042
6471335
6471614
6472634
6472826
6473342
6473603
6473705
6473882
6473992
6474528
6474633
6475023
6475044
6475059
6475137
6475172
6475192
6475214
6475382
6475402
6475430
6475537
6475718
6475764
6475780
6475930
6476236
6476469
6476713
6476759
6477158
6477303
6477466
6477966
6477975
6478341
6478489
6478813
6479170
6479417
6479820
6480701
6481087
6481677
6481682
6481793
6482284
6482548
6482711
6483051
6483220
6483515
6483637
6483927
6483962
6484126
6484684
6484786
6485407
6485643
6485755
6486014
6486136
6486360
6486434
6486495
6486606
6487048
6487658
6487786
6487859
6488287
6488420
6488719
6488820
6488840
6489022
6489066
6489545
6489592
6489788
6489879
6489886
6490111
6490138
6490158
6490284
6490462
6490468
6490510
6490545
6490610
6490662
6490670
6490722
6491048
6491227
6491428
6491529
6491545
6491650
6491816
6491936
6491955
6492092
6492130
6492206
6492288
6492302
6492490
6492570
6492635
6492664
6492804
6493091
6493103
6493170
6493341
6493508
6493589
6493638
6493829
6493938
6494218
6494527
6494773
6494804
6494851
6495008
6495158
6495203
6495250
6495278
6495317
6495527
6495549
6495595
6495856
6496256
6496506
6496581
6496951
6497513
6497622
6497737
6497752
6497868
6497923
6497997
6498356
6498604
6498629
6498718
6498877
6498921
6498962
6498990
6499027
6499953
6500080
6500278
6500338
6500474
6500994
6501212
6501238
6501246
6501570
6501807
6501908
6502484
6502568
6502909
6503308
6503536
6503612
6503854
6503873
6504401
6504665
6505002
6505421
6505741
6506110
6506446
6506952
6507070
6507092
6507440
6507787
6507903
6507965
6507994
6508108
6508129
6508364
6508597
6508715
6509051
6509205
6509274
6509282
6509398
6509539
6509659
6509798
6509906
6509937
6510555
6510929
6510961
6511308
6511344
6511407
6511578
6511782
6511798
6511943
6511968
6511982
6512002
6512032
6512089
6512123
6512278
6513079
6513179
6513586
6513739
6513864
6513880
6514288
6514416
6514465
6514521
6514944
6514996
6515029
6515126
6515284
6515572
6515588
6517045
6517133
6517812
6517878
6517919
6518321
6518511
6518608
6518753
6518761
6518792
6518831
6518975
6519060
6519181
6519308
6519477
6519485
6519590
6519723
6519868
6519884
6519912
6520021
6520086
6520129
6520689
6520862
6520997
6521029
6521042
6521182
6521256
6521337
6521427
6521745
6522092
6522141
6522221
6523452
6523678
6523721
6523863
6524377
6524448
6524463
6524502
6524920
6525029
6525094
6525203
6525322
6525609
6525796
6526254
6526527
6526747
6526772
6526878
6527096
6527143
6527351
6527446
6527493
6528017
6528107
6528826
6528843
6528932
6528982
6529024
6529161
6529208
6529489
6529502
6529530
6529731
6529834
6529928
6530235
6530717
6530851
6531669
6531804
6531924
6532389
6532596
6532879
6533118
6533152
6533311
6533462
6533477
6533501
6533557
6533602
6533731
6533821
6533879
6533947
6533953
6533992
6534038
6534063
6534187
6534226
6534291
6534297
6534367
6534605
6534714
6535000
6535039
6535046
6535063
6535171
6535777
6536425
6536470
6536603
6536640
6536682
6536708
6536766
6536820
6536856
6537047
6537083
6537217
6537263
6537496
6537623
6537793
6537954
6538146
6538162
6538288
6538303
6538405
6538558
6538698
6538734
6538861
6539039
6539125
6539366
6539652
6539665
6539887
6539978
6540036
6540103
6540196
6540204
6540264
6540456
6540548
6540562
6540608
6540954
6540977
6541230
6541492
6541681
6541795
6541870
6542006
6542072
6542118
6542439
6542570
6542584
6542731
6543228
6543291
6543583
6543967
6544044
6544079
6544119
6544305
6544414
6544548
6544681
6545283
6545405
6545442
6545551
6545899
6545983
6546608
6546808
6546938
6547387
6547512
6547529
6547541
6548051
6548188
6548585
6548619
6548882
6549329
6549350
6549651
6549699
6549730
6550399
6550517
6550525
6550660
6550965
6551093
6551177
6551259
6551908
6551966
6552079
6552710
6552941
6553019
6553074
6553091
6553262
6553421
6553738
6553751
6553826
6553894
6553901
6553947
6554201
6554507
6554737
6554968
6555533
6555663
6555820
6555892
6556118
6556150
6556381
6556408
6556939
6557053
6557239
6558040
6558242
6558457
6558571
6558672
6558855
6559591
6559667
6559763
6560074
6560110
6560121
6560222
6560302
6560520
6560605
6560630
6560672
6560679
6560697
6560777
6560784
6560808
6561174
6561233
6561309
6561687
6561717
6561924
6562211
6562227
6562261
6562299
6562425
6563235
6563570
6563759
6563825
6563954
6564120
6564132
6564439
6564508
6564702
6564725
6565049
6565054
6565626
6566205
6566233
6566247
6566439
6566463
6566544
6566677
6566716
6567023
6567055
6567211
6567835
6568267
6568860
6569087
6569421
6569441
6569504
6569635
6569839
6569878
6569905
6569959
6570118
6570557
6570905
6571098
6571187
6571306
6571351
6571589
6571696
6571978
6572013
6572140
6572253
6572313
6572657
6572778
6572810
6573133
6573412
6573512
6573736
6574068
6574145
6574200
6574275
6574302
6574343
6574442
6574615
6574660
6574730
6574886
6574942
6575093
6575100
6575378
6575796
6576098
6576341
6576438
6576666
6576694
6576774
6576884
6576947
6577000
6577288
6577622
6578369
6578568
6578652
6578731
6579025
6579308
6579330
6579380
6579386
6579516
6579536
6580027
6580737
6580836
6581051
6581463
6581485
6581963
6582030
6582340
6582346
6582514
6582767
6583185
6583414
6583685
6583938
6584121
6584987
6585300
6585347
6585360
6585668
6586258
6586266
6586343
6586528
6587133
6587226
6587236
6587328
6587480
6587768
6587792
6587829
6587855
6588151
6588166
6588200
6588302
6588361
6590025
6590314
6590384
6590607
6590713
6590839
6591022
6591078
6591277
6591355
6591436
6591539
6591725
6591770
6591882
6592032
6592347
6592943
6592972
6593068
6593135
6593453
6593658
6593876
6593950
6594138
6594177
6594234
6594582
6595136
6595998
6596031
6596075
6596318
6596540
6596658
6596816
6596856
6597082
6597120
6597222
6597341
6597509
6597564
6598051
6598102
6598368
6598392
6598474
6598600
6598636
6598659
6598911
6599179
6599534
6599682
6600437
6601123
6601260
6601284
6601651
6601671
6602117
6602567
6602870
6602896
6603278
6603409
6603492
6603524
6603810
6604162
6604223
6604380
6605009
6605354
6605418
6605448
6605524
6605785
6606540
6606646
6606777
6606896
6607123
6607318
6607553
6608141
6608356
6608442
6608517
6608767
6609344
6609639
6610025
6610448
6610479
6611012
6611078
6611275
6611520
6611635
6611645
6611699
6611937
6612595
6612813
6612829
6612855
6612983
6613006
6613030
6613185
6613266
6613510
6613524
6613654
6613729
6613857
6613872
6613945
6613970
6614009
6614146
6614182
6614188
6614376
6614386
6614550
6614574
6614653
6614861
6614898
6615593
6615926
6616601
6616858
6616929
6617245
6617669
6617753
6618481
6618515
6618552
6618573
6618689
6618867
6618944
6619089
6619892
6619981
6620325
6621505
6622247
6622439
6622483
6622574
6622738
6622802
6622925
6623231
6623366
6623414
6623642
6623688
6624226
6624298
6624674
6624831
6625127
6625182
6625359
6625468
6625761
6625855
6625949
6626017
6626106
6626135
6626465
6626822
6627499
6627675
6627797
6627817
6627873
6628003
6628015
6628037
6628134
6628176
6628270
6628318
6628780
6628795
6628813
6628984
6629121
6629420
6630858
6631110
6631911
6632050
6632249
6632640
6633008
6633112
6633199
6633616
6633784
6633847
6633872
6634028
6634127
6634149
6634969
6636011
6637670
6637802
6638042
6638132
6638234
6638562
6638762
6639147
6639749
6640104
6640298
6641194
6641352
6641531
6641560
6641575
6641800
6642099
6642377
6642782
6642920
6643327
6643355
6643632
6643817
6643920
6643938
6643978
6644015
6644204
6644427
6644482
6644492
6644587
6644849
6644876
6644918
6644973
6644979
6644997
6645067
6645229
6645444
6645505
6645534
6645547
6645553
6645835
6645964
6645993
6646067
6646346
6647652
6648226
6648251
6648270
6648386
6648454
6648575
6648599
6648636
6648656
6648739
6648931
6648950
6649170
6649254
6649272
6649504
6649512
6649526
6649562
6649593
6650122
6650343
6650480
6650489
6650569
6650620
6650968
6651441
6651644
6651876
6651926
6651941
6652062
6652253
6652287
6652428
6652642
6652648
6652980
6653119
6653145
6653321
6653671
6653867
6653887
6654104
6654158
6654261
6654267
6654327
6654451
6654464
6654482
6654555
6654928
6655208
6655493
6655661
6655924
6655991
6656000
6656150
6656161
6656293
6656354
6656466
6656787
6656986
6657096
6657178
6657529
6657824
6658385
6658420
6658522
6658825
6658909
6659054
6659134
6659187
6659421
6659679
6660065
6660135
6660476
6660867
6661166
6661207
6661296
6661349
6661931
6661956
6662096
6662535
6662781
6662914
6663154
6663274
6663313
6663364
6663517
6663606
6663729
6663892
6663945
6664082
6664101
6664132
6664315
6664529
6665418
6665605
6665926
6666000
6666389
6666879
6666894
6667305
6667438
6667550
6667916
6668193
6668246
6668572
6668843
6669695
6669787
6669816
6669897
6670265
6670342
6670521
6670685
6671022
6671287
6671821
6672090
6672165
6673214
6673249
6673265
6673338
6677359
6677462
6677506
6677522
6677532
6677577
6678053
6678307
6678452
6679764
6680053
6680135
6680290
6680358
6680772
6680852
6680897
6680974
6681230
6682185
6682688
6683175
6683907
6684465
6684489
6684495
6684539
6684572
6685120
6685255
6685585
6685595
6685712
6685773
6686378
6686447
6686902
6687068
6687292
6687317
6687327
6687500
6687533
6687875
6688046
6688625
6688780
6688929
6688996
6689401
6689441
6690177
6690649
6690775
6690967
6690977
6691013
6691069
6691308
6691380
6692171
6692422
6692498
6692652
6692677
6692896
6692910
6692945
6693165
6693264
6693436
6693612
6693631
6693688
6693843
6694216
6694254
6694288
6694767
6694968
6695170
6695224
6695290
6695349
6695778
6695827
6695991
6696197
6696397
6696450
6696889
6696913
6696962
6697162
6697170
6697306
6697381
6697677
6698004
6698320
6698355
6698586
6698836
6698887
6698970
6699098
6699580
6699613
6699676
6700755
6701277
6702327
6702538
6703050
6703271
6704001
6704027
6704037
6704055
6704089
6704158
6704312
6704818
6705335
6705482
6705578
6705676
6705858
6705940
6705995
6706080
6706729
6706972
6707300
6707713
6708050
6708206
6708275
6708501
6708583
6708984
6709024
6709621
6709806
6710231
6710710
6711390
6711964
6712622
6712861
6712942
6712997
6713126
6713156
6713171
6713427
6713478
6713614
6713741
6713812
6713846
6713983
6714244
6714312
6714398
6714474
6714487
6714597
6714640
6714891
6716642
6716876
6716883
6716937
6716953
6717055
6717089
6717244
6717511
6717614
6717692
6717898
6718110
6718257
6718308
6718454
6718784
6719091
6719614
6719851
6719981
6720003
6720190
6720522
6720610
6720619
6720777
6720857
6720894
6722159
6722213
6722222
6722255
6722413
6723388
6723893
6724221
6724342
6724897
6724988
6725765
6726282
6726501
6726507
6726795
6727020
6727348
6727411
6727482
6727576
6728590
6729198
6729542
6729807
6730562
6730595
6730667
6731067
6731532
6731705
6731929
6732010
6732086
6732112
6732373
6732792
6733056
6733302
6733451
6734201
6734217
6734967
6735203
6735591
6735779
6736778
6736902
6737024
6737318
6737954
6738047
6738305
6738371
6738419
6738695
6738869
6738919
6739124
6739155
6739206
6739363
6739435
6739474
6739494
6739589
6739754
6740242
6740395
6740660
6740733
6742174
6742184
6742273
6742594
6742683
6742705
6742716
6742752
6742806
6742900
6742993
6743018
6743141
6743293
6743314
6743512
6743526
6743635
6743801
6744124
6744212
6744499
6744812
6744834
6744951
6744959
6745336
6746046
6746211
6746842
6747108
6747354
6747666
6747955
6749127
6749991
6751738
6751888
6752065
6752310
6752882
6753425
6753714
6753727
6754085
6754109
6754312
6754325
6754543
6755103
6755188
6755342
6755561
6757222
6757393
6758286
6758321
6759008
6759715
6759805
6759900
6760246
6760510
6761094
6761201
6762416
6762452
6762903
6763822
6764800
6764873
6765271
6765350
6765434
6766040
6766135
6766326
6766350
6766443
6766655
6766878
6766958
6767270
6767436
6767634
6767688
6767750
6767775
6767861
6767934
6767941
6768121
6768225
6768424
6768643
6768695
6768904
6769014
6769097
6769244
6769266
6769310
6769339
6769409
6769453
6769475
6769489
6769621
6769703
6769724
6769741
6769776
6769825
6769884
6769932
6770130
6770185
6770433
6771553
6771664
6771702
6771722
6771740
6772309
6772444
6772703
6772985
6773025
6773078
6773563
6773785
6774021
6774029
6774777
6775053
6775284
6775293
6775397
6775752
6775905
6776508
6777519
6777722
6777874
6778102
6778996
6779454
6779589
6779646
6779793
6780620
6780647
6780772
6780856
6780942
6781314
6781595
6781864
6781957
6782162
6782177
6782328
6782460
6782591
6783141
6783397
6783756
6784440
6784665
6784909
6785367
6785586
6786049
6786090
6786287
6786870
6787646
6787782
6787879
6788011
6788640
6789016
6789126
6789214
6789556
6789562
6789788
6790048
6790296
6790336
6790599
6790666
6790852
6791043
6791577
6791667
6791687
6791723
6792175
6792395
6792402
6792409
6792415
6792421
6792438
6792450
6792456
6792462
6792468
6792475
6792481
6792487
6792499
6792504
6792510
6792523
6792529
6792536
6792541
6792546
6792552
6792558
6792564
6792743
6793291
6794381
6794746
6795052
6795099
6795635
6795665
6795858
6796116
6796490
6796602
6796639
6796975
6797652
6797914
6798212
6798546
6799389
6799683
6799717
6799760
6800013
6800248
6801307
6801412
6801456
6801559
6801727
6802395
6802595
6802607
6802936
6803397
6804007
6804080
6804245
6804431
6804838
6804924
6805397
6805585
6805632
6806346
6806403
6807092
6807297
6807409
6808639
6808748
6808796
6808953
6809027
6809182
6809378
6809592
6810241
6810756
6810765
6810792
6811162
6811294
6813390
6813415
6813502
6813897
6814163
6814496
6815680
6815853
6816554
6816894
6817123
6817190
6817199
6817308
6817645
6817871
6818148
6818443
6818541
6818605
6819458
6819525
6819651
6819670
6820038
6820505
6823540
6823623
6823798
6824022
6824240
6824304
6824883
6824899
6824977
6825190
6825687
6825726
6825732
6826048
6826076
6826234
6826252
6826568
6826914
6826942
6827149
6827182
6827252
6827423
6827496
6827635
6827794
6827962
6828022
6828118
6828254
6828315
6828600
6828688
6829235
6829747
6829924
6830057
6830068
6831065
6831397
6831590
6831747
6831778
6832671
6832808
6833734
6834011
6834273
6834398
6834905
6834917
6835911
6836200
6836509
6837481
6837863
6837931
6838463
6838795
6838832
6839725
6840009
6840234
6841060
6841882
6841966
6842065
6842371
6842670
6843397
6843495
6843555
6844035
6844876
6845459
6845650
6845695
6845768
6845846
6847344
6847781
6848472
6848681
6848824
6849551
6849647
6849825
6850308
6850474
6850921
6851089
6852109
6852301
6852326
6852378
6852644
6852710
6852778
6852795
6852959
6852990
6853132
6853580
6853642
6854038
6854151
6854492
6854652
6854699
6854912
6854936
6854997
6855086
6855758
6855803
6856291
6856616
6856990
6857802
6857834
6858024
6858717
6858921
6859281
6859584
6860114
6860302
6860363
6860887
6861194
6862347
6862738
6862779
6863034
6863295
6863755
6864005
6864623
6864746
6864964
6865032
6865390
6865897
6866158
6866205
6866516
6867332
6867471
6867915
6869577
6869679
6870501
6870966
6871293
6871530
6872340
6872949
6873191
6873484
6873800
6874065
6874346
6874760
6875164
6875247
6875560
6875860
6875960
6876060
6876306
6876351
6876619
6876940
6877024
6877392
6877703
6883009
6898711
6907579
6907747
6907881
6907894
6909240
6909360
6912402
6912508
6913350
6913393
6913408
6913491
6913574
6913594
6914155
6914161
6914167
6914358
6914762
6914778
6914917
6915029
6915205
6915678
6915749
6915951
6917247
6917468
6918476
6918627
6918732
6918812
6919082
6919355
6919366
6919520
6919791
6919905
6920592
6920598
6920632
6920942
6920969
6921008
6921267
6922135
6922244
6922281
6923172
6923187
6923465
6923591
6923609
6923727
6924331
6924479
6925055
6925601
6926395
6926735
6927222
6927364
6927372
6927590
6927675
6927765
6927785
6927889
6928769
6928851
6928966
6929428
6929795
6930019
6930075
6931469
6931725
6931739
6932082
6932141
6932656
6933008
6934643
6934672
6934750
6935494
6935925
6936060
6936321
6937343
6937359
6937633
6937831
6937878
6938160
6938271
6938352
6938793
6938803
6938895
6938914
6938931
6938937
6939002
6939046
6941267
6941575
6941628
6941791
6941868
6941927
6941956
6942024
6942195
6942416
6945650
6945749
6946075
6946093
6946191
6946255
6946364
6946391
6946630
6946659
6946684
6946774
6946843
6947542
6947977
6948487
6948694
6948916
6949039
6949062
6949491
6949533
6949740
6949914
6949983
6950054
6950555
6950641
6951431
6951448
6951479
6951802
6951986
6952110
6952196
6952712
6952912
6952917
6953190
6953241
6953313
6953602
6953697
6953751
6954645
6954924
6954990
6955141
6955946
6956228
6956382
6957905
6958500
6958652
6959789
6960354
6960623
6960969
6961677
6961746
6961823
6962218
6962445
6963493
6964039
6964158
6964269
6964307
6964943
6965163
6965318
6965373
6965455
6965598
6965632
6965976
6966250
6966410
6966835
6967177
6967241
6967252
6967820
6967845
6968139
6968272
6969273
6969307
6969731
6969771
6969827
6969841
6969916
6969926
6970170
6970309
6970426
6970458
6970894
6970930
6971217
6971307
6971313
6971325
6971331
6971337
6971351
6971357
6971618
6971644
6971740
6971794
6971850
6975995
6976775
6976836
6977342
6977669
6978232
6978725
6978758
6978857
6979223
6979432
6979878
6980871
6981007
6981323
6981421
6983048
6983168
6983195
6983362
6983391
6983403
6983423
6983564
6983921
6984072
6984133
6985856
6986166
6986192
6986638
6987092
6988053
6988315
6988394
6988548
6988662
6988708
6988836
6988847
6990598
6991055
6991274
6991294
6991598
6991960
6992249
6992280
6992286
6993246
6993332
6994037
6994135
6995348
6995407
6996197
6996655
6997744
6998963
6999378
6999880
7000841
7000882
7000964
7000976
7001138
7001339
7001625
7001852
7002034
7002067
7002082
7002662
7002724
7002840
7002963
7003185
7003766
7007844
7008114
7008172
7008724
7008811
7008963
7009125
7009564
7009820
7010140
7010303
7010667
7010776
7010837
7011154
7011272
7011676
7012567
7013185
7013291
7013389
7013419
7013512
7013739
7013865
7014533
7014855
7015243
7015627
7015640
7015719
7016366
7017140
7017614
7017930
7018341
7018347
7020382
7020572
7020646
7020893
7021139
7021185
7021796
7021991
7022022
7022028
7022166
7024025
7024148
7024448
7024512
7024576
7024685
7025287
7025383
7025589
7025897
7026589
7026606
7026611
7026619
7026702
7026919
7027133
7027289
7027356
7027467
7027486
7027609
7027687
7028283
7028500
7028662
7028713
7029898
7029943
7030416
7030425
7030561
7030798
7030941
7030966
7031000
7031341
7031353
7031395
7031622
7031632
7031696
7031781
7031897
7032223
7032296
7032401
7032600
7032994
7033134
7033539
7033915
7035126
7037842
7038530
7038564
7038678
7038799
7038824
7039441
7039501
7039784
7040272
7040440
7041023
7041222
7041271
7041336
7041588
7041653
7041660
7041950
7042237
7042396
7043022
7043203
7043383
7043889
7044222
7044576
7044738
7045128
7045512
7045593
7045782
7045991
7046224
7046468
7046511
7047311
7047474
7047533
7047656
7048217
7048763
7048787
7049599
7049739
7049806
7050535
7050874
7050928
7051112
7051119
7051159
7051397
7051563
7051732
7052153
7052194
7052559
7052623
7052703
7052747
7053169
7053469
7054167
7054562
7054704
7054712
7055931
7056648
7056931
7058395
7058463
7059435
7059770
7059793
7060161
7060308
7060389
7060456
7061199
7061382
7061461
7061619
7061627
7061647
7061662
7061780
7061804
7061837
7061871
7062066
7062080
7062399
7062409