7062740
7062918
7063023
7063074
7063132
7064675
7064713
7064925
7065051
7065194
7065329
7065606
7065632
7065875
7069874
7070008
7070196
7070271
7070564
7070570
7070674
7070775
7070841
7071007
7071034
7071061
7071688
7071778
7072930
7073441
7073701
7074074
7074573
7074735
7075024
7075177
7075211
7075436
7075959
7076222
7076903
7077821
7077985
7078409
7078907
7079512
7080068
7080187
7080563
7080692
7080761
7081083
7081399
7082022
7082388
7082478
7082721
7082731
7082805
7083243
7083373
7083441
7083777
7084323
7084851
7084930
7085528
7086215
7087220
7087825
7087841
7088157
7088805
7089030
7089630
7089887
7089902
7090179
7090456
7090926
7091202
7091916
7092795
7092947
7093091
7093586
7093639
7094080
7094155
7094318
7094392
7094570
7094845
7095209
7095327
7095671
7096050
7096115
7097827
7097936
7098005
7098072
7098103
7098425
7098547
7098615
7102877
7103216
7103303
7103366
7104924
7105058
7105117
7105581
7105600
7106223
7106339
7106976
7107441
7107710
7108034
7108312
7108452
7108466
7109025
7109154
7109764
7109867
7109944
7109974
7110023
7110106
7110176
7110944
7111234
7111939
7111982
7112062
7112308
7113070
7113421
7114135
7114383
7115999
7116097
7116277
7116795
7116900
7117159
7117624
7117912
7118088
7118377
7118723
7119702
7119777
7120700
7120974
7121108
7121367
7121651
7121872
7122179
7122306
7122401
7122497
7122626
7122860
7122954
7123411
7123584
7123832
7123888
7123916
7123955
7123971
7123982
7124125
7124239
7124245
7124260
7124323
7124604
7124788
7124953
7125007
7128300
7128587
7128814
7128826
7129062
7129269
7129395
7129516
7129666
7129767
7129865
7129950
7131171
7131418
7131501
7131867
7132398
7132501
7132615
7132629
7133052
7133072
7133132
7133465
7133878
7134482
7134660
7135235
7136078
7136518
7137193
7137291
7137369
7137849
7138350
7138580
7138878
7139086
7139114
7139268
7139751
7139965
7140055
7140155
7140167
7141366
7141378
7141877
7143142
7143242
7143327
7143347
7143363
7143969
7144469
7144938
7145204
7145475
7145841
7145903
7146582
7147038
7147058
7147087
7147695
7147965
7148044
7148286
7149083
7149090
7149538
7150151
7150422
7150607
7150692
7150712
7151518
7152182
7152188
7152348
7152354
7152642
7152930
7152967
7153002
7153152
7153190
7153253
7153405
7153411
7153672
7154627
7155125
7156738
7156873
7156935
7156948
7156954
7157135
7157170
7157192
7157256
7157443
7157623
7157681
7157692
7157777
7157827
7159583
7162702
7162885
7162994
7163348
7163362
7163588
7163854
7163967
7164119
7164271
7164403
7164837
7165125
7165427
7165594
7165687
7166052
7166416
7167918
7168936
7169754
7170255
7171598
7172372
7173226
7173434
7174544
7175120
7175135
7175211
7175511
7177646
7179729
7179782
7179933
7180267
7180384
7181345
7181431
7181594
7181645
7182216
7182262
7182404
7182848
7182941
7182964
7183336
7183607
7183747
7183866
7183990
7184048
7184300
7184500
7184613
7184653
7184762
7184931
7184970
7185064
7185090
7185114
7185151
7185330
7185465
7185498
7185652
7186252
7186511
7186611
7186672
7191087
7191211
7192199
7192211
7192383
7192416
7192552
7192598
7192630
7192669
7192725
7193234
7193259
7193936
7195797
7196695
7196968
7198171
7198185
7198692
7198957
7199201
7199630
7199975
7200294
7200485
7200937
7201298
7201330
7201442
7201578
7201679
7201889
7202369
7202546
7202923
7203850
7203926
7204549
7205173
7205404
7205412
7205779
7206109
7206569
7206715
7207199
7207457
7208025
7208281
7208441
7208786
7208924
7208976
7209026
7209033
7209114
7209618
7209969
7210168
7210493
7210870
7211479
7212276
7212338
7212367
7212549
7212743
7212776
7212784
7212797
7212992
7213077
7213249
7213285
7213491
7213672
7213713
7213926
7214344
7214453
7214796
7217082
7217925
7218012
7219195
7219359
7219396
7219600
7219664
7219730
7219956
7220156
7220631
7220727
7221111
7221260
7221349
7221648
7222014
7222250
7222539
7222855
7223072
7224603
7224941
7225000
7225110
7225148
7225441
7225818
7226140
7226887
7227420
7227921
7227977
7228182
7228536
7228965
7229101
7229452
7229492
7229672
7230646
7231259
7231487
7231986
7232071
7232540
7233345
7233795
7233847
7234157
7234625
7234804
7234940
7235038
7235459
7235693
7235719
7236046
7236498
7237045
7237113
7238358
7238922
7239048
7239549
7239575
7239934
7241539
7241596
7241657
7242089
7242405
7242545
7242569
7242888
7242986
7243234
7243332
7243500
7243615
7243680
7244018
7244545
7244680
7244784
7245200
7245228
7245637
7245682
7245738
7245758
7245856
7245867
7246223
7250076
7250168
7250504
7250550
7250642
7251268
7251647
7251996
7252309
7252367
7253140
7253702
7253939
7254827
7254893
7254923
7255284
7255411
7255532
7255784
7255844
7258133
7259433
7259918
7260824
7261114
7261740
7262746
7263768
7263801
7264571
7265138
7266197
7266356
7266407
7266491
7266725
7266743
7267877
7267940
7267956
7268877
7270070
7270237
7270812
7270911
7271121
7272243
7272425
7272459
7272815
7273587
7273682
7273986
7274079
7274374
7274389
7275068
7275103
7275131
7275137
7275243
7276353
7280834
7281009
7281077
7281167
7281176
7281605
7281629
7282168
7282341
7282491
7282695
7282822
7282881
7283026
7283062
7283288
7283444
7284117
7284259
7284414
7284628
7284982
7285637
7285717
7287048
7287146
7287183
7287360
7287407
7287721
7291370
7291636
7291804
7292083
7294572
7295072
7296351
7296517
7296538
7296784
7296890
7297332
7298331
7298615
7298965
7299254
7299343
7299494
7299735
7300294
7301454
7301735
7301995
7303198
7303806
7304877
7305445
7306686
7307149
7307816
7307826
7307885
7308939
7309188
7309306
7309757
7309840
7310045
7310162
7310516
7310637
7310645
7310701
7310927
7316203
7316533
7316898
7317304
7318212
7318481
7318498
7318512
7319006
7319348
7319626
7322192
7322444
7322525
7322605
7323448
7323796
7325271
7327149
7328648
7328742
7329077
7330606
7331982
7332465
7333034
7333739
7333982
7335088
7335517
7335734
7335826
7336040
7336100
7340721
7340998
7341591
7341794
7341927
7342075
7342123
7342271
7342302
7342390
7342590
7342794
7342968
7343055
7343320
7343488
7343625
7343905
7343916
7343955
7344026
7344109
7344218
7344342
7346048
7346460
7346601
7347320
7348447
7348569
7348785
7348792
7349408
7349850
7350744
7351733
7352223
7352494
7352831
7353504
7353850
7353982
7354774
7355034
7355096
7355229
7355572
7356973
7357935
7358088
7358274
7358355
7358972
7360158
7360208
7360724
7361824
7362728
7362809
7362951
7363414
7363650
7364102
7364118
7364278
7364506
7364548
7364705
7364788
7364798
7364807
7364879
7364887
7364949
7365215
7365222
7365381
7365407
7365606
7365994
7366074
7366145
7366153
7366578
7371471
7371615
7371741
7371845
7372457
7372465
7372699
7372859
7372891
7372934
7373129
7373452
7373570
7373720
7373772
7375288
7375597
7375897
7376046
7376097
7376217
7376265
7376304
7376512
7376898
7377123
7377139
7377187
7377766
7378216
7378429
7378590
7379013
7379569
7381044
7381494
7381525
7381630
7381790
7382194
7382540
7382558
7382651
7383673
7383816
7384092
7384175
7384215
7384589
7384995
7385277
7385321
7385493
7385640
7385779
7385898
7385912
7386442
7386450
7386544
7386750
7386874
7387068
7387089
7387342
7387410
7387863
7388537
7389152
7389239
7389728
7389761
7390056
7390087
7390597
7390724
7390836
7391098
7391256
7391302
7391464
7391499
7392170
7392183
7392530
7392598
7392941
7393016
7393099
7393463
7393872
7393927
7393958
7393964
7393989
7394109
7394342
7394629
7394888
7395259
7395346
7395591
7400012
7400340
7400694
7400703
7401155
7401897
7402432
7402489
7402544
7402646
7402659
7402686
7403259
7403600
7403720
7404560
7405169
7405608
7406283
7406509
7406832
7406928
7407190
7407576
7407987
7408097
7408126
7408232
7408479
7408590
7408817
7408829
7408856
7409120
7409166
7409289
7410424
7410695
7410853
7411229
7411443
7411769
7412009
7412104
7412417
7412682
7413059
7413383
7413437
7413938
7414060
7414719
7415116
7415370
7415480
7415562
7415772
7415808
7415872
7416083
7416153
7416271
7416440
7416446
7416472
7417331
7417476
7417616
7417749
7418334
7418842
7418867
7418998
7419230
7420777
7420987
7421014
7421043
7421593
7421952
7422288
7422413
7422777
7423032
7423612
7423647
7423950
7424077
7424094
7424114
7424121
7424410
7425234
7425409
7425419
7429840
7429849
7429904
7430410
7431675
7431863
7432207
7432564
7433104
7433329
7433740
7434097
7434351
7434449
7434606
7434778
7434804
7435104
7435286
7435299
7435428
7435975
7436070
7436371
7436431
7436508
7436636
7437124
7437788
7438334
7438395
7439019
7439227
7439350
7439704
7439731
7440061
7440094
7440662
7440989
7441185
7441255
7441351
7441715
7441724
7441828
7441954
7442131
7442279
7442378
7442638
7442705
7442740
7443671
7444185
7444548
7444710
7444726
7445022
7445117
7445181
7445233
7445301
7445447
7445523
7445551
7445562
7445806
7446043
7446139
7446284
7446359
7446456
7446706
7446726
7446999
7447193
7447254
7447260
7447339
7447469
7447525
7447652
7448339
7448582
7449020
7449028
7449743
7449789
7449999
7450131
7450641
7450649
7450695
7451345
7451629
7455192
7455231
7455341
7455488
7455535
7455783
7455831
7456529
7457733
7458354
7458913
7458969
7459145
7459411
7459571
7459773
7459851
7460107
7460322
7461361
7461539
7461629
7462198
7462722
7462823
7463361
7463443
7463623
7463636
7463757
7464538
7465958
7466149
7466201
7466555
7466579
7466904
7467440
7467685
7467837
7468099
7468154
7468296
7468330
7468359
7468376
7468803
7468867
7469037
7469133
7469395
7469694
7469955
7471245
7471337
7471928
7472552
7472859
7473701
7473956
7473982
7474359
7474394
7474518
7474689
7474815
7474915
7475382
7476072
7477268
7477308
7477324
7477599
7477743
7477797
7478006
7478031
7478072
7478084
7478117
7478297
7478322
7478578
7478592
7478675
7478687
7478693
7478712
7478719
7478725
7479023
7480686
7483095
7483106
7483380
7483723
7484319
7484345
7484988
7485541
7485698
7485770
7487355
7488757
7489896
7490166
7490601
7490685
7490972
7491335
7492708
7492866
7493714
7494426
7496023
7496910
7498959
7499394
7499445
7499559
7500650
7500689
7500848
7501543
7502972
7502988
7503224
7503364
7503442
7503620
7504017
7504228
7504525
7505081
7505348
7505913
7507289
7507397
7507466
7509256
7510218
7510595
7510821
7510992
7511026
7511265
7511289
7511424
7511560
7512342
7513812
7513940
7516539
7517905
7518423
7519547
7520316
7520513
7520702
7521271
7521434
7521877
7522305
7524443
7524761
7524880
7525014
7525646
7525908
7526126
7526277
7526433
7527020
7527163
7527572
7527588
7527608
7527916
7532753
7533640
7533740
7533769
7533882
7534882
7535936
7535950
7536521
7536712
7536808
7537051
7537248
7537673
7537783
7537846
7538986
7539522
7539565
7539611
7539618
7539729
7540275
7540580
7540615
7541185
7541533
7542197
7543073
7543083
7543527
7543557
7543658
7543710
7543781
7543950
7544014
7544111
7544754
7544789
7544906
7545147
7545682
7546569
7547170
7547463
7547596
7548292
7548418
7549016
7549235
7549301
7549522
7549553
7549966
7552045
7552051
7552081
7552348
7552426
7552453
7552527
7552803
7553016
7553568
7553647
7553661
7553945
7554328
7555238
7555407
7555540
7556020
7556103
7560662
7560920
7561340
7561447
7561847
7562461
7562780
7563165
7563240
7563533
7564469
7564585
7565615
7566030
7566163
7566313
7566324
7566469
7566792
7566812
7566872
7566931
7566960
7567256
7567390
7567533
7567677
7570066
7570434
7570525
7570941
7571203
7571337
7571581
7571770
7571906
7571988
7572071
7572146
7572157
7572422
7572619
7573666
7573689
7573798
7574753
7575570
7575946
7576162
7576513
7576712
7577173
7577195
7577419
7577756
7577824
7578315
7578431
7578525
7578999
7580047
7580627
7580737
7581298
7581707
7581832
7581953
7582208
7582252
7582521
7582858
7583201
7586021
7587139
7587337
7587400
7588047
7588250
7588500
7588544
7588899
7589485
7589722
7589734
7589753
7590044
7590423
7590656
7590746
7590864
7591205
7591241
7591633
7592783
7593774
7593817
7593924
7594164
7594366
7594720
7594946
7595020
7595031
7595118
7595393
7595784
7595922
7595941
7595947
7595981
7595994
7596359
7596413
7596711
7596743
7597097
7597116
7597675
7597706
7598317
7598802
7598862
7598897
7599516
7599611
7599968
7600007
7600109
7600128
7600459
7600592
7601050
7601202
7601782
7602034
7602736
7602948
7602972
7603011
7603026
7603109
7603267
7603394
7604051
7604462
7604542
7604797
7605072
7605127
7605190
7605612
7605783
7605872
7605899
7606098
7606229
7606301
7606400
7606544
7606733
7606808
7606967
7607134
7607546
7607628
7607653
7608185
7608192
7608208
7608544
7608735
7609103
7609164
7609608
7609840
7610010
7610293
7610316
7610424
7610995
7612820
7613797
7613925
7614112
7614279
7614315
7614658
7614690
7614751
7616513
7616612
7616742
7616810
7616840
7616853
7616939
7617367
7617452
7617695
7617746
7618116
7618131
7618426
7618538
7619383
7619918
7620112
7620197
7620688
7620862
7621474
7621491
7622024
7622070
7622092
7622187
7622202
7622547
7622774
7622899
7623284
7623426
7623530
7623678
7623722
7623766
7623894
7623916
7624024
7624038
7624301
7624357
7624610
7624691
7624786
7624939
7624979
7625077
7625706
7625827
7626012
7626049
7626764
7626827
7626834
7627244
7627292
7627817
7628035
7628082
7628335
7628669
7628976
7629185
7629680
7630764
7631237
7631614
7631963
7632594
7632602
7632609
7632710
7633127
7633492
7633799
7633915
7634476
7634858
7634950
7635012
7635116
7638995
7639157
7639297
7639345
7639593
7639599
7639894
7640176
7640483
7640667
7640705
7640998
7641558
7641920
7642774
7643347
7643501
7644291
7644373
7645236
7645478
7645827
7645858
7645999
7646364
7646450
7646747
7647429
7647511
7647571
7648650
7648955
7649019
7649160
7649578
7649953
7650142
7651761
7651770
7652033
7652045
7652185
7652289
7652301
7652587
7654376
7654517
7655272
7656040
7656053
7656384
7656863
7657123
7657395
7657928
7658099
7659037
7659063
7659321
7659449
7659783
7659863
7659996
7660304
7660527
7660992
7661389
7662656
7662679
7663253
7663403
7663721
7668570
7669477
7669890
7669993
7670313
7670700
7671570
7672362
7673568
7673791
7674236
7674409
7674557
7674574
7674898
7675469
7676347
7676777
7677310
7677963
7678565
7678908
7679394
7680271
7680515
7680606
7681002
7681208
7681453
7682343
7682871
7683004
7683115
7683244
7683695
7683900
7684009
7684183
7684784
7684969
7685271
7685380
7685418
7685566
7686132
7686349
7686643
7686857
7686891
7686981
7687053
7687096
7687365
7687678
7687798
7688533
7688879
7688992
7689645
7689807
7689986
7690063
7690157
7690179
7690218
7691048
7691151
7691451
7691658
7691789
7691822
7691895
7692322
7692468
7692565
7693203
7694023
7694207
7694319
7694337
7694730
7694768
7694806
7694900
7694945
7696139
7696213
7696800
7698454
7699624
7699871
7700075
7700694
7700891
7705213
7706148
7707147
7707531
7707648
7708223
7708409
7709486
7709601
7710238
7710331
7710419
7711004
7711059
7711231
7711625
7711870
7711940
7712452
7712491
7713326
7713342
7715176
7715703
7718325
7718473
7719055
7719069
7719397
7719941
7720333
7721052
7722713
7722865
7724439
7724635
7725742
7728197
7732849
7733139
7733705
7733949
7734924
7735412
7735654
7736015
7737369
7737495
7737779
7738183
7738208
7738484
7738841
7738972
7739438
7742481
7743087
7743127
7747539
7747763
7748119
7749203
7749248
7749623
7749676
7749762
7749956
7750031
7750542
7750690
7751063
7751157
7751247
7751280
7752354
7752382
7752871
7753157
7753727
7754168
7754291
7755583
7755799
7755910
7756524
7756608
7757027
7757275
7757933
7758165
7758257
7759985
7760342
7760533
7761146
7761730
7761946
7762020
7762141
7762233
7764005
7764725
7764876
7766145
7766370
7766928
7766988
7767342
7767489
7767639
7767785
7767892
7768003
7769421
7769569
7769583
7769916
7769947
7773869
7774099
7774530
7774699
7774971
7775302
7775684
7775824
7776084
7776241
7776307
7776424
7776513
7776651
7777055
7777427
7777440
7777462
7777692
7777947
7778640
7778985
7779847
7779907
7780071
7780205
7780337
7780852
7782332
7782458
7782504
7782548
7782567
7783181
7783247
7783371
7783414
7783651
7784060
7784092
7784796
7785186
7785215
7785229
7786179
7786269
7786290
7786363
7786464
7786476
7786530
7786695
7787009
7787858
7788262
7788613
7789341
7789663
7789903
7790308
7791327
7791842
7791942
7791976
7792673
7792679
7792799
7792980
7793427
7793723
7795083
7795138
7795491
7795734
7798700
7799108
7799238
7799361
7799502
7799743
7799835
7799970
7799994
7800591
7800681
7800857
7800896
7801036
7801105
7801320
7801332
7801425
7801910
7802683
7802697
7802892
7802990
7803478
7803516
7803641
7803921
7804448
7804470
7804667
7804757
7804940
7805198
7805551
7805623
7806074
7806113
7806294
7807012
7807082
7807216
7807297
7807750
7807832
7807912
7808371
7808509
7808725
7809334
7809380
7809489
7809728
7810382
7810996
7811175
7812277
7812711
7812989
7813579
7813781
7813962
7814195
7814533
7814893
7814984
7815395
7815450
7816608
7818794
7818837
7819539
7819882
7819969
7821106
7822944
7823242
7823842
7823930
7824554
7824672
7825035
7825424
7825924
7826360
7826366
7826380
7826630
7826872
7827014
7827079
7827716
7827735
7827760
7827854
7827982
7828198
7828426
7828863
7829049
7829882
7829900
7830323
7831314
7831597
7831696
7831977
7832004
7832377
7832410
7832429
7832448
7832500
7832732
7833269
7833386
7833615
7834504
7835395
7835421
7835594
7835629
7835713
7835868
7836247
7836292
7836589
7838569
7839398
7840147
7840245
7841378
7841674
7842125
7842889
7843433
7843559
7844936
7844975
7845048
7845198
7845867
7849621
7849762
7850072
7850102
7850986
7851056
7851209
7851232
7851531
7851985
7852025
7852054
7852182
7852216
7852395
7852435
7853489
7853669
7854026
7854148
7854987
7855175
7856323
7857165
7858921
7859806
7859918
7860240
7863040
7863520
7863809
7864115
7864359
7866001
7866085
7866134
7866257
7866509
7869289
7869316
7869499
7869667
7869680
7869727
7869771
7869868
7869883
7870053
7870064
7870080
7870104
7870255
7870736
7871888
7871932
7871954
7871990
7872035
7872063
7872754
7876815
7877378
7877739
7878018
7878184
7879328
7879597
7879661
7879694
7880042
7880293
7880485
7880883
7881683
7882381
7882437
7883614
7885447
7885590
7885940
7886285
7886986
7887021
7887038
7887055
7887226
7887471
7887978
7888424
7888707
7889335
7889619
7890360
7891867
7891999
7892293
7892397
7892515
7892632
7892723
7893321
7893998
7895360