9459283
9459356
9459418
9459648
9459915
9460080
9460107
9460488
9460524
9460762
9460801
9460845
9460984
9461041
9461566
9461970
9462876
9463034
9463073
9463221
9463678
9463698
9464341
9464383
9464503
9464564
9464589
9464717
9465138
9465604
9466031
9466421
9466697
9466756
9467114
9467360
9467489
9467502
9467542
9467754
9467871
9468273
9468434
9468621
9468772
9469962
9470601
9470896
9471329
9471420
9471513
9471568
9471612
9471858
9472722
9472872
9473056
9473507
9474097
9474834
9475237
9475472
9475634
9476109
9476261
9476474
9476616
9476754
9477027
9477046
9477436
9477890
9478370
9478444
9478527
9479419
9479554
9479990
9480070
9480265
9480528
9480681
9480741
9481049
9481674
9481702
9481881
9481908
9482348
9482690
9482719
9482812
9483139
9483432
9483682
9483719
9483734
9484004
9484059
9484077
9484084
9484170
9484785
9484969
9485291
9485555
9485562
9486134
9489415
9489484
9489556
9490010
9490039
9490090
9490123
9490234
9490243
9490290
9490378
9490747
9490808
9490995
9491312
9491327
9491376
9491419
9491447
9491491
9491783
9492038
9492413
9492621
9493148
9493333
9493758
9494538
9495660
9496734
9496825
9498324
9498454
9498489
9498628
9499110
9499845
9499947
9499981
9500467
9500569
9500846
9501376
9501639
9501650
9502303
9502334
9502564
9502756
9503134
9503720
9504379
9504535
9504796
9505447
9505940
9506046
9506318
9507233
9507487
9507599
9508023
9508084
9508495
9508788
9509146
9509197
9509399
9509811
9510621
9511609
9511679
9511789
9511992
9512274
9512739
9513021
9513301
9513603
9513697
9513895
9513952
9514454
9514593
9514613
9514684
9514772
9514792
9514813
9514861
9515072
9515132
9515603
9515829
9515835
9517101
9517596
9518056
9518097
9518108
9518164
9518171
9518190
9518211
9518521
9518577
9518635
9518958
9518982
9519135
9519166
9519268
9519327
9519444
9519462
9519638
9519676
9519733
9519740
9519772
9519823
9520023
9520175
9520352
9520425
9520502
9520550
9520677
9520863
9521062
9521069
9521319
9521408
9521722
9521897
9521939
9521983
9522091
9522172
9522324
9522529
9522613
9522830
9522942
9523174
9523263
9523422
9523489
9523917
9524132
9524167
9524212
9524220
9524329
9524365
9524374
9524482
9524501
9524532
9524545
9524645
9525056
9525167
9525177
9525198
9525283
9525320
9525407
9525431
9525526
9525537
9525585
9525637
9525673
9525990
9526028
9526126
9526139
9526179
9526268
9526332
9526449
9526834
9526864
9527169
9527234
9527340
9527392
9527406
9527436
9527475
9527494
9527525
9527601
9527640
9527809
9527822
9528154
9528195
9528240
9528278
9528451
9528591
9528759
9528817
9528935
9529304
9529538
9529710
9529717
9530103
9530348
9530684
9531096
9531182
9531222
9531354
9531778
9531801
9531900
9532001
9532008
9532238
9532246
9532332
9532469
9532500
9532739
9532912
9532964
9532982
9533017
9533213
9533395
9533562
9534059
9534175
9536199
9536342
9536419
9536760
9537286
9538367
9538482
9538855
9539147
9539166
9539439
9539445
9539526
9539634
9539873
9540107
9540164
9540790
9540840
9540849
9540884
9541042
9541093
9541367
9541397
9541523
9541690
9541868
9541967
9542002
9542029
9542272
9542355
9542677
9543070
9543275
9543425
9543659
9543735
9543789
9543893
9543917
9543931
9543984
9544009
9544184
9544280
9544373
9544428
9544815
9544860
9544951
9545211
9545626
9545641
9545827
9546066
9546224
9546299
9546306
9546338
9546560
9546580
9546637
9546676
9546706
9546865
9546874
9546930
9546936
9547136
9547461
9547709
9547912
9547926
9547949
9548032
9548336
9548347
9548452
9548535
9548587
9548646
9548654
9548668
9548786
9548890
9548950
9548960
9549068
9549175
9549384
9549675
9549722
9549904
9549944
9549957
9549985
9550120
9550315
9550371
9550469
9550490
9550608
9550743
9550751
9550843
9550869
9551003
9551211
9551364
9551376
9551550
9551665
9551727
9551867
9551925
9552073
9552104
9552249
9552282
9552332
9552374
9552710
9552760
9552863
9552880
9552951
9553266
9553565
9553590
9553762
9553840
9554173
9554502
9554577
9554623
9554705
9554920
9554958
9555015
9555461
9556062
9556341
9556614
9556882
9556889
9557137
9557155
9557180
9557467
9557872
9557915
9557961
9558018
9558050
9558389
9558473
9558543
9558605
9558832
9560285
9560653
9560780
9560811
9560836
9560869
9560931
9562155
9562535
9562620
9562712
9562756
9562887
9562934
9563435
9563463
9563679
9563777
9563922
9563933
9564554
9564823
9564881
9565259
9565314
9565343
9565392
9565590
9565641
9565827
9565923
9565970
9566161
9566199
9566221
9566265
9566281
9566433
9566516
9566683
9566723
9566866
9567081
9567170
9567232
9567370
9567714
9568107
9568199
9568327
9568340
9568378
9568406
9568470
9568589
9568650
9568798
9568916
9569106
9569202
9569251
9569862
9570042
9570168
9570182
9570428
9570517
9570588
9570673
9570773
9570788
9570928
9571000
9571116
9571193
9571200
9571458
9571542
9571589
9571621
9571684
9571783
9571811
9571879
9571982
9572128
9572290
9572414
9572494
9572724
9572751
9572803
9572820
9572971
9572998
9573049
9573101
9573152
9573242
9573280
9573998
9574044
9574208
9574660
9574809
9574923
9575048
9575246
9575382
9575400
9575481
9575832
9576106
9576124
9576144
9576172
9576382
9576392
9576398
9576445
9576641
9576835
9577033
9577067
9577641
9577833
9578433
9578815
9578855
9578890
9578954
9579157
9579500
9579740
9580086
9580129
9580454
9580464
9580489
9581073
9581190
9581367
9581536
9581636
9581734
9581857
9582055
9582176
9582360
9582797
9583056
9584318
9584436
9584575
9584690
9586589
9586918
9587181
9587247
9587511
9587517
9588200
9588405
9588610
9588728
9589205
9589256
9589455
9589464
9589588
9589630
9589659
9589849
9589903
9589973
9589998
9590062
9590376
9590395
9590434
9590460
9590541
9590561
9590759
9590833
9590872
9590985
9591084
9591107
9591119
9591128
9591335
9591503
9591575
9592209
9592332
9592340
9592438
9592444
9592546
9592717
9592725
9592792
9592808
9593474
9593599
9593774
9594052
9594152
9594572
9594884
9594921
9594934
9595044
9595074
9595080
9595130
9595667
9595807
9595884
9595909
9596013
9596188
9596212
9596396
9596517
9596535
9596638
9596736
9596800
9597090
9597199
9597270
9597349
9597464
9597536
9597570
9597764
9597850
9597877
9597985
9598014
9598161
9598241
9598257
9598587
9598597
9598646
9598861
9598893
9598946
9598981
9599070
9599086
9599259
9599309
9599316
9599526
9599533
9599656
9599772
9599807
9599844
9599958
9599992
9600111
9600136
9600239
9600294
9600327
9600421
9600634
9600703
9600722
9600813
9600915
9601122
9601154
9601211
9601267
9601291
9601300
9601443
9601499
9601611
9601628
9601710
9601890
9601921
9602178
9602335
9602439
9602520
9602559
9602667
9602693
9602925
9602956
9603036
9603107
9603394
9603422
9603693
9603970
9604005
9604128
9604169
9604500
9604741
9604777
9604827
9604927
9604945
9605257
9605274
9605374
9605624
9605991
9606266
9606371
9606549
9606556
9606643
9606856
9606915
9607174
9607198
9607748
9607755
9607897
9607970
9607993
9608117
9609193
9609297
9609462
9611804
9611810
9612044
9612169
9612201
9612499
9612565
9612816
9612833
9613037
9613072
9613079
9613177
9613430
9613570
9613633
9613752
9613767
9613991
9614132
9614254
9614448
9614494
9614536
9614830
9614867
9615137
9615559
9615700
9615821
9615979
9616408
9616551
9616574
9616629
9616656
9616728
9616915
9617265
9617390
9617669
9617844
9618005
9618082
9618119
9618222
9618411
9618451
9618471
9618569
9618739
9618769
9618814
9618943
9619402
9619434
9619751
9619758
9619910
9619956
9620096
9620181
9620249
9620582
9620631
9620695
9621066
9621154
9621164
9621335
9621365
9621469
9621531
9621579
9621598
9621615
9621847
9621963
9622065
9622390
9622601
9622646
9622663
9622703
9622756
9622796
9622805
9622884
9622930
9622968
9623025
9623110
9623788
9623834
9623921
9624093
9624151
9624161
9624295
9624490
9624705
9624825
9624881
9625153
9625364
9625764
9625843
9625860
9625947
9625995
9626076
9626840
9626879
9627234
9627662
9628093
9628138
9628526
9629062
9629130
9629163
9629359
9629434
9630434
9630541
9630547
9631074
9631134
9631174
9632410
9632945
9633088
9633151
9633163
9633259
9633533
9633695
9634294
9634713
9635211
9635357
9635965
9635977
9636078
9637056
9637070
9637089
9637213
9637994
9638698
9640331
9640378
9640406
9640528
9641021
9641944
9642005
9642149
9642409
9643232
9643306
9644506
9644653
9644780
9645532
9645956
9646220
9647481
9647734
9647807
9647937
9648049
9648641
9649371
9649923
9650194
9650286
9650587
9651174
9654162
9654650
9655038
9655325
9655359
9656049
9657810
9657860
9660691
9660772
9661027
9661369
9661407
9661468
9662043
9662053
9662414
9662449
9662480
9662915
9662998
9663655
9664016
9665130
9665300
9665833
9665936
9666569
9666952
9666971
9667078
9667189
9667625
9669215
9670359
9670684
9670692
9670705
9671600
9671663
9672955
9673026
9673561
9674905
9675524
9675648
9676125
9676230
9676309
9676844
9676907
9677169
9677641
9679511
9681646
9682188
9682371
9682389
9682495
9682578
9682692
9682827
9682910
9683093
9683415
9683476
9683544
9683924
9684219
9684449
9684633
9684856
9685072
9685325
9685453
9685631
9685910
9686725
9686754
9686802
9687018
9687451
9687513
9687698
9687990
9688145
9688195
9688303
9688889
9688918
9688994
9689163
9689430
9689439
9689449
9689649
9689749
9690012
9690212
9690396
9690520
9690639
9690813
9690821
9690896
9690944
9690991
9691324
9691417
9691525
9691609
9691736
9691774
9691892
9692199
9692415
9692825
9692873
9693074
9693138
9693149
9693200
9693443
9693504
9693616
9693849
9693986
9694189
9694198
9694218
9694604
9694655
9694849
9694945
9694977
9694991
9695128
9695471
9695998
9696023
9696111
9696192
9696218
9696444
9696532
9696728
9696772
9697102
9697261
9708408
9708509
9708786
9708816
9708965
9709113
9709165
9709411
9709646
9709827
9709848
9709987
9710839
9711157
9713067
9713144
9713489
9713568
9713729
9713912
9713957
9714503
9714582
9714655
9714680
9714896
9715427
9715834
9715841
9715945
9716140
9716165
9716403
9716459
9716462
9716522
9716525
9716582
9716588
9716591
9716672
9716678
9716708
9716714
9716717
9716720
9716723
9716744
9716747
9716759
9716762
9716765
9716774
9716822
9717017
9717023
9717038
9717044
9717053
9717056
9717071
9717077
9717113
9717116
9717119
9717149
9717161
9717167
9717203
9717248
9717300
9717304
9717316
9717472
9717557
9717563
9717596
9717647
9717731
9717770
9717779
9717800
9717845
9717848
9717905
9717980
9718001
9718010
9718040
9718169
9718277
9718304
9718307
9718316
9718319
9718343
9718346
9718349
9718355
9718358
9718361
9718367
9718376
9718382
9718385
9718391
9718394
9718397
9718406
9718448
9718478
9718530
9718542
9718548
9718581
9718599
9718605
9718620
9718632
9718635
9718638
9718671
9718680
9718683
9718686
9718701
9718704
9718707
9718713
9718737
9718749
9718752
9718764
9718822
9718831
9718843
9718864
9718867
9718873
9718876
9718879
9718915
9718918
9718930
9718969
9718972
9719002
9719029
9719038
9719050
9719072
9719076
9719082
9719097
9719112
9719124
9719127
9719143
9719161
9719177
9719181
9719202
9719217
9719229
9719242
9719245
9719248
9719254
9719263
9719266
9719272
9719278
9719293
9719314
9719317
9719326
9719338
9719387
9719393
9719399
9719402
9719408
9719423
9719426
9719438
9719441
9719453
9719462
9719477
9719486
9719507
9719513
9719516
9719519
9719522
9719546
9719573
9719576
9719606
9719615
9719618
9719646
9719685
9719700
9719732
9719741
9719765
9719793
9719836
9719839
9719892
9719898
9719919
9719988
9720055
9720076
9720103
9720119
9720131
9720203
9720215
9720230
9720287
9720317
9720326
9720368
9720413
9720422
9720434
9720449
9720452
9720467
9720470
9720479
9720503
9720506
9720518
9720536
9720548
9720633
9720682
9720688
9720751
9720766
9720796
9720799
9720811
9720814
9720818
9720821
9720824
9720839
9720851
9720866
9720872
9720887
9720918
9720921
9720958
9721277
9721704
9722010
9722056
9722086
9722282
9722351
9722383
9722477
9722611
9722667
9722820
9722853
9722888
9723065
9723091
9723254
9723360
9723368
9723402
9723422
9723464
9723794
9723907
9723967
9724375
9724381
9724461
9724550
9724728
9724915
9725008
9725088
9725885
9725918
9726162
9726451
9726477
9726880
9726986
9727012
9727030
9727047
9727059
9727071
9727201
9727297
9727358
9727720
9727831
9728130
9728331
9728399
9728581
9728736
9728765
9728778
9729043
9729141
9729147
9729154
9729273
9729422
9729457
9729479
9729726
9729737
9729764
9729807
9729903
9729913
9730599
9731254
9731702
9731808
9731876
9732441
9732515
9732521
9732657
9732766
9732997
9733005
9733425
9733439
9734436
9734495
9734652
9734876
9735089
9736970
9737208
9737276
9737302
9737867
9738193
9739328
9739463
9739484
9739491
9739769
9739895
9740492
9740535
9741281
9741326
9741341
9741786
9741969
9742000
9742334
9742615
9742667
9742715
9743129
9743268
9743711
9743734
9743862
9743920
9744174
9744297
9744331
9744459
9744486
9744563
9744674
9744852
9744984
9745069
9745173
9745266
9745286
9745312
9745397
9745557
9745727
9745747
9745844
9745873
9745998
9746006
9746150
9746343
9746492
9746608
9746761
9746926
9746949
9747104
9747157
9747378
9747658
9747666
9747755
9747796
9747886
9747921
9748238
9748272
9748347
9748442
9748511
9748895
9748901
9748958
9749407
9749419
9749427
9749921
9749968
9749999
9750116
9750147
9750185
9750388
9750438
9750493
9750684
9750700
9750727
9751178
9751329
9751684
9751756
9752220
9752650
9752729
9752950
9752997
9753206
9753662
9753744
9754164
9754246
9754587
9754663
9754944
9755040
9755107
9755208
9755269
9755277
9755528
9756028
9756246
9756324
9756566
9756761
9756824
9757150
9757278
9757356
9757494
9757618
9757697
9757930
9758301
9758759
9758835
9759212
9759289
9759518
9759563
9759701
9761217
9761263
9761385
9761670
9761860
9762269
9762645
9762728
9762739
9762812
9763473
9763625
9763807
9763904
9764433
9764475
9764504
9764550
9764609
9764683
9764903
9765046
9765065
9765282
9765448
9765763
9766565
9766811
9766821
9766870
9766966
9767240
9767246
9767261
9767297
9768095
9768191
9768296
9768358
9768416
9768454
9768531
9768537
9768704
9768753
9768865
9768916
9769062
9769126
9769239
9769293
9769375
9769416
9769556
9769625
9769904
9770160
9770237
9770465
9770557
9770565
9770627
9770865
9770969
9771025
9771055
9771108
9771392
9771444
9771682
9772030
9772039
9772064
9772276
9772354
9772360
9772426
9772679
9772896
9772925
9772952
9773034
9773090
9773240
9773293
9773324
9773421
9773585
9773689
9773994
9774097
9774160
9774590
9774744
9774827
9774876
9775021
9775071
9775208
9775518
9775817
9775837
9775867
9776199
9777536
9777877
9777952
9778706
9778727
9778910
9779060
9779760
9779893
9779925
9780105
9780284
9780355
9780640
9780852
9780899
9780976
9781006
9781046
9781068
9781655
9783238
9783450
9783699
9784047
9785455
9785906
9786271
9786649
9786927
9787478
9787630
9788308
9788687
9788812
9788974
9789331
9789346
9789352
9789398
9789454
9789586
9790224
9790313
9790373
9790529
9790633
9790745
9790770
9790884
9791089
9791239
9791254
9791492
9791737
9792311
9792420
9792571
9792678
9792707
9792752
9792887
9792944
9792967
9793109
9793121
9793248
9793356
9793362
9793374
9793380
9793392
9793398
9793404
9793410
9793422
9793428
9793440
9793446
9793452
9793470
9793476
9793482
9793495
9793513
9793519
9793549
9793555
9793580
9793592
9793604
9793616
9793634
9793646
9793660
9793666
9793672
9793684
9793690
9793695
9793701
9793707
9793726
9793738
9793750
9793768
9793780
9793799
9793805
9793811
9793817
9793840
9793846
9793858
9793870
9793882
9793895
9793907
9793925
9793931
9793943
9793951
9793982
9793988
9794006
9794012
9794024
9794030
9794036
9794054
9794060
9794090
9794096
9794115
9794121
9794133
9794154
9794159
9794166
9794173
9794179
9794193
9794199
9794205
9794223
9794229
9794241
9794247
9794253
9794259
9794265
9794272
9794279
9794291
9794298
9794312
9794324
9794330
9794337
9794356
9794362
9794369
9794376
9794399
9794405
9794412
9794430
9794436
9794448
9794461
9794467
9794473
9794485
9794492
9794504
9794522
9794548
9794560
9794584
9794591
9794597
9794624
9794653
9794670
9794678
9794699
9794705
9794723
9794741
9794747
9794753
9794760
9794766
9794772
9794778
9794784
9794796
9794803
9794809
9794815
9794828
9794834
9794847
9794853
9794858
9794864
9794876
9794895
9794901
9794914
9794920
9794926
9794939
9794945
9794951
9794963
9794969
9794993
9794999
9795005
9795029
9795041
9795047
9795059
9795065
9795072
9795078
9795084
9795090
9795096
9795102
9795108
9795114
9795120
9795127
9795133
9795145
9795157
9795163
9795169
9795175
9795181
9795199
9795205
9795211
9795217
9795223
9795229
9795241
9795247
9795253
9795259
9795265
9795271
9795301
9795313
9795319
9795325
9795331
9795343
9795355
9795361
9795374
9795392
9795405
9795411
9795417
9795423
9795430
9795436
9795442
9795448
9795462
9795468
9795480
9795487
9795493
9795499
9795505
9795512
9795519
9798757
9798851
9798958
9799370
9799479
9800204
9802796
9802828
9804096
9804333
9804705
9806172
9806417
9806559
9806949
9806982
9807818
9808336
9809069
9809105
9809533
9809807
9811306
9812243
9812942
9812950
9813664
9813938
9814023
9814319
9814325
9814607
9814724
9815040
9816150
9818645
9819369
9819418
9820101
9820438
9820512
9820718
9822132
9822378
9823243
9823423
9824371
9824491
9824527
9824562
9824865
9825086
9825143
9825673
9825685
9825798
9825888
9825918
9826032
9826199
9826643
9826702
9826999
9827021
9827041
9827299
9827350
9827547
9827784
9827858
9828005
9828504
9828755
9828778
9829351
9829489
9829761
9829767
9830155
9830387
9830489
9830533
9830578
9830735
9830818
9830837
9831283
9831345
9831441
9831728
9832079
9832092
9832176
9835357
9835993
9836188
9836313
9836685
9836774
9837568
9837801
9838172
9838307
9838862
9839043
9839113
9839730
9839736
9840472
9840841
9841136
9841574
9841776
9841921
9842695
9842765
9843195
9844093
9844294
9844360
9845291
9845762
9845839
9845849
9847592
9848227
9848390
9848590
9849329
9849424
9850358
9850454
9850631
9850950
9851193
9853722
9854585
9854961
9855650
9856456
9856710
9857242
9857391
9857620
9857657
9857666
9857832
9857838
9858840
9859177
9859996
9860076
9860728
9860911
9861132
9861238
9861268
9861284
9861488
9861597
9861675
9862090
9862217
9864448
9865926
9866546
9866617
9866809
9866901
9867314
9868144
9868359
9868611
9869965
9870777
9872751
9873600
9875161
9875474
9876013
9876299
9876442
9876801
9876837
9876851
9877250
9877388
9877537
9877978
9878191
9878568
9879011
9879149
9879791
9880964
9881806
9883081
9883485
9883931
9885002
9885487
9885554
9886554
9886954
9889932
9890768
9892321
9892365
9892577
9893735
9893852
9895671
9896010
9896070
9896153
9896978
9898654
9899231
9899716
9899841
9900218
9900496
9900925
9901636
9903241
9903771
9904449
9904841
9904896
9905899
9905967
9906088
9906331
9906773
9906818
9907389
9907571
9907693
9907850
9908776
9909873
9909880
9910111
9910356
9910413
9911474
9911725
9911925
9912509
9912693
9912866
9915013
9915556
9916414
9916451
9917174
9917624
9917752
9917829
9918369
9918865
9919098
9919637
9921621
9921943
9922563
9923840
9924784
9925190
9925606
9926211
9926819
9927640
9928037
9928523
9929503
9929892
9931135
9931833
9932030
9932512
9932747
9933141
9933413
9933554
9934213
9934603
9934816
9935235
9936389
9936694
9938164
9938558
9939792
9940283
9940653
9941300
9941634
9945687
9945920
9946001
9946820
9946889
9948198
9948892
9949007
9950317
9950765
9951303
9951671
9951907
9952921
9954306
9955548
9955631
9955925
9956789
9957559
9957616
9957794
9960878
9961539
9962163
9962538
9962592
9962913
9963330
9963942
9963970
9963985
9964798
9967543
9967829
9968219
9968421
9968446
9969799
9969846
9969891
9970295
9971649
9971699
9972054
9972254
9972647
9972849
9973317
9973636
9974170
9974292
9976090
9977051
9977332
9978473
9978804
9979334
9982565
9982643
9983883
9984242
9984841
9984925
9985081
9985203
9985404
9985621
9985974
9985988
9986173
9986207
9986372
9988590
9988671
9988744
9989122
9991094
9991908
9993427
9996575
9997073
9998200
9998247
9998284
9998942
9999465
9999624
10000093
10000432
10000580
10000660
10000802
10001075
10002201
10003840
10005175
10005332
10005483
10005589
10006001
10006239
10007109
10007679
10007918
10008723
10009283
10009377
10009652
10009693
10009794
10012374
10012701
10013780
10013823
10014272
10014340
10014501
10015791
10016018
10016965
10017205
10017689
10018600
10019075
10019507
10019923
10020069
10020729
10020766
10020858
10021350
10022280
10023373
10024305
10024438
10024495
10024659
10025047
10025054
10025354
10028051
10028443
10029221
10029517
10029597
10029725
10030430
10032174
10032848
10032867
10032986
10032995
10033265
10033494
10037706
10038086
10038497
10038701
10038736
10039044
10040272
10040828
10041910
10044436
10044873
10045421
10046449
10047148
10047495
10048698
10048926
10049046
10049232
10049251
10049263
10050027
10050238
10050711
10050884
10050958
10051379
10051941
10052440
10053259
10053726
10053778
10055215
10056213
10056486
10059462
10061558
10061911
10062205
10063539
10065502
10068076
10069288
10069370
10069922
10069928
10071128
10071750
10072580
10074411
10074644
10075916
10076820
10077619
10078271
10078370
10079571
10080751
10081034
10081853
10083112
10084669
10084997
10085620
10087131
10087664
10088344
10088739
10090573
10091158
10091887
10092964
10093696
10093881
10094241