5111319
5122705
5145497
5145717
5145756
5145791
5145907
5145971
5147066
5147823
5148235
5149049
5149062
5149281
5149428
5149751
5150021
5150422
5152316
5154951
5155527
5155693
5156585
5156810
5156922
5157173
5157415
5157520
5158097
5158128
5158279
5158810
5159023
5159463
5159670
5159882
5159895
5159918
5160267
5160305
5160407
5160447
5160495
5160931
5161038
5162561
5162571
5162970
5164838
5164914
5165064
5165644
5165865
5165875
5166061
5166143
5166246
5166253
5166262
5166376
5166619
5166687
5166918
5167055
5167090
5167277
5167285
5167325
5167388
5167429
5167784
5167805
5167997
5168019
5168267
5168310
5168736
5169314
5169360
5169368
5169747
5169769
5170510
5171212
5171303
5171645
5172746
5173671
5174453
5174461
5174498
5174828
5174834
5174958
5175271
5175388
5175687
5175827
5176014
5176225
5176581
5176696
5176780
5178181
5178379
5178568
5178579
5180902
5181176
5181266
5181703
5181928
5181948
5182107
5182272
5182383
5182674
5182711
5182783
5182899
5183051
5183256
5183568
5184069
5184368
5184519
5184585
5184625
5185241
5185427
5185710
5185722
5185768
5186457
5186562
5186660
5186690
5186824
5186967
5187221
5187274
5188282
5188335
5188410
5188843
5188948
5189257
5189342
5189395
5189460
5189730
5190087
5190538
5190559
5191293
5191402
5191823
5192069
5192259
5192353
5192530
5193288
5193315
5193400
5193675
5194224
5194350
5194387
5194420
5196903
5197100
5197706
5197946
5198028
5198282
5198634
5198767
5198976
5199486
5200805
5200984
5201035
5201087
5201206
5201693
5201832
5201962
5202219
5202729
5203570
5204118
5204178
5204558
5204598
5204948
5205062
5205114
5205400
5205554
5205598
5205898
5205995
5206150
5206825
5206914
5207035
5208473
5208511
5208707
5209311
5209358
5209596
5209621
5209906
5209925
5210327
5210495
5210534
5210625
5210724
5210862
5211036
5211206
5211238
5211263
5211492
5211569
5211626
5211848
5211902
5211956
5212025
5213456
5213509
5213551
5213776
5214439
5215902
5216009
5216049
5216364
5216567
5216890
5216915
5217225
5217242
5217578
5217627
5217637
5217721
5217972
5218179
5218256
5218396
5218569
5218723
5218992
5219173
5219270
5219301
5219317
5219337
5219738
5219868
5219930
5220346
5220389
5220422
5220430
5220747
5220821
5220828
5221069
5221110
5221892
5222441
5222585
5222673
5222836
5222949
5223298
5223405
5223640
5224038
5224401
5224450
5224702
5224892
5225697
5225932
5226022
5226562
5226860
5227468
5227565
5227865
5228139
5230170
5230353
5232108
5232216
5232514
5233023
5233227
5233350
5233358
5233458
5233867
5233910
5234202
5234238
5234285
5234693
5234900
5235199
5235457
5235493
5235917
5236129
5236540
5237150
5237374
5237820
5237846
5238036
5238226
5238453
5238511
5238619
5239378
5239545
5239634
5239784
5239826
5239907
5240677
5241073
5241399
5241414
5241674
5242015
5242152
5242222
5242475
5242496
5243368
5243516
5243553
5243679
5244118
5244494
5245160
5245559
5245598
5245645
5246214
5246341
5246506
5248363
5248532
5248740
5250980
5251232
5251687
5252549
5252729
5252923
5253374
5254430
5255085
5255477
5256659
5256986
5257563
5257823
5258749
5259856
5260231
5260652
5261288
5262392
5262486
5263253
5263275
5263317
5263336
5263465
5263523
5263643
5263829
5263879
5263929
5265421
5265616
5265795
5268107
5268247
5268293
5268377
5269434
5269856
5269933
5269980
5270009
5270660
5271532
5271588
5272236
5272266
5272412
5272722
5272846
5273012
5273496
5273865
5274234
5274301
5274508
5274842
5275146
5276052
5276694
5276914
5277283
5277376
5277556
5277677
5277871
5277938
5278282
5278493
5278500
5278523
5278565
5278768
5278778
5278869
5279179
5282140
5282474
5282837
5282983
5283168
5283471
5283623
5283833
5283933
5284227
5284343
5284747
5284922
5285045
5285123
5285134
5286865
5287240
5287383
5287603
5288004
5288031
5288170
5288699
5288798
5288931
5289251
5289302
5289391
5289655
5289875
5290421
5290977
5291573
5291938
5292538
5292864
5292887
5293328
5293567
5293676
5293705
5293902
5294232
5295056
5295093
5295300
5295353
5295526
5295880
5296605
5296696
5297100
5297335
5297409
5297499
5297594
5297701
5297757
5297918
5297948
5297959
5297995
5298034
5298131
5298142
5298285
5298452
5299716
5299738
5299744
5299780
5299830
5299871
5299913
5299927
5300080
5300127
5300247
5300391
5302063
5302413
5302449
5302603
5302723
5303232
5303239
5303860
5304243
5304469
5305282
5305407
5305514
5305601
5305707
5305759
5305853
5305889
5305937
5305964
5305987
5306024
5306036
5306107
5306126
5306170
5306402
5306474
5306550
5306742
5307538
5307943
5308326
5308829
5309203
5309719
5310038
5310223
5310952
5311610
5311648
5312225
5312503
5312678
5313947
5314256
5314935
5314960
5315050
5315128
5315244
5315417
5315694
5315865
5315917
5316028
5316172
5316447
5316458
5316470
5316548
5316674
5316813
5316827
5317018
5317029
5317100
5318518
5318528
5318662
5318678
5318769
5318899
5320880
5320965
5321255
5321515
5321646
5321678
5321808
5321959
5322069
5322239
5322373
5322712
5322953
5323159
5323239
5323552
5323980
5324658
5324703
5324757
5324917
5325000
5325023
5325347
5325391
5325417
5325486
5325643
5325662
5325932
5326354
5326578
5326725
5327076
5327097
5327171
5327287
5327387
5327521
5327720
5327986
5328169
5328478
5328656
5329277
5329653
5330446
5330455
5330538
5330586
5330690
5331260
5331396
5331448
5331464
5331665
5332201
5332500
5332543
5332599
5332636
5332653
5332737
5332773
5332832
5333093
5333107
5333118
5333348
5333365
5333525
5333534
5333554
5333560
5333570
5333635
5333671
5333759
5333812
5333837
5333956
5334001
5334032
5334067
5334148
5334194
5334337
5334352
5334384
5334459
5334890
5335722
5335766
5335797
5335806
5335860
5336026
5336055
5338416
5338484
5338858
5338870
5339021
5339136
5339174
5339206
5339220
5339257
5339284
5339739
5339777
5339918
5339975
5339998
5340105
5340120
5340208
5340227
5340366
5340404
5340475
5340762
5341015
5341064
5341667
5341696
5341913
5341949
5341975
5342056
5342458
5342681
5342868
5343058
5343154
5343307
5343990
5344124
5345180
5345357
5345576
5345586
5345632
5345640
5345732
5345816
5346257
5346371
5346419
5346830
5347464
5347509
5347541
5347855
5348213
5348430
5348510
5348751
5349856
5350237
5350273
5350400
5350463
5350654
5350773
5350839
5350905
5350973
5351035
5351083
5351170
5351257
5351334
5351403
5351454
5351482
5351760
5351880
5351890
5351912
5353081
5353176
5353182
5353197
5353230
5353279
5353349
5353367
5353385
5353680
5353815
5356242
5356275
5356799
5356866
5356939
5358053
5358233
5358350
5358409
5358415
5358638
5358679
5358935
5359300
5359429
5359505
5359655
5359860
5360151
5360208
5360235
5360266
5360292
5360376
5360420
5360713
5360762
5361023
5361142
5361232
5361432
5361475
5361682
5361689
5361996
5362087
5362351
5362652
5362684
5362764
5363136
5363197
5363368
5363523
5363753
5364299
5365113
5365531
5365641
5365777
5365818
5366053
5366111
5366151
5366283
5366377
5366483
5366517
5366789
5367445
5367577
5368032
5368378
5368708
5369021
5369136
5369256
5369284
5369508
5369992
5370047
5370065
5370293
5370303
5370350
5370399
5370428
5370467
5370549
5370591
5370702
5370796
5370861
5371168
5371196
5371266
5371275
5371321
5371377
5371594
5371600
5371651
5371762
5374879
5375004
5375102
5375305
5375812
5375888
5376252
5376479
5377118
5377125
5377182
5377521
5377788
5377871
5377935
5377960
5378078
5378640
5379806
5379818
5379856
5380055
5380152
5380181
5380376
5380551
5380725
5380762
5380830
5380993
5381090
5381259
5382299
5382499
5382711
5383136
5383244
5383292
5383566
5383600
5383611
5383653
5383769
5384634
5384955
5385239
5385259
5385265
5385426
5385594
5385830
5386129
5386319
5386402
5386591
5386624
5386726
5387005
5387306
5387529
5388279
5388438
5388977
5389058
5389234
5389620
5389763
5390067
5390099
5390264
5390360
5390388
5390420
5390435
5390475
5390679
5390832
5390902
5390908
5391007
5391053
5391140
5391146
5392448
5392460
5392514
5392535
5392808
5392988
5392998
5393117
5393150
5393203
5393307
5393693
5393742
5393990
5394252
5394340
5394622
5394787
5394824
5394977
5395065
5395109
5395303
5395534
5397677
5397694
5397895
5398119
5398245
5398969
5399177
5399673
5399695
5399847
5399906
5399943
5400782
5400793
5400877
5400989
5401059
5401110
5401189
5401516
5402056
5402090
5402432
5402555
5402670
5402788
5402879
5402941
5403980
5404312
5404384
5404575
5404749
5405023
5405602
5405617
5405758
5405812
5406050
5406079
5406142
5406150
5406194
5406229
5406235
5406350
5406466
5406498
5407766
5407953
5408210
5408892
5409946
5410316
5410462
5410771
5411503
5411716
5411764
5411979
5412164
5412189
5412330
5412400
5412467
5412493
5412604
5412771
5413037
5413107
5413705
5413848
5413885
5413932
5414174
5414524
5414629
5414635
5414798
5415134
5415149
5415177
5415354
5415390
5415450
5415572
5415689
5415851
5415989
5416004
5416303
5416520
5416739
5417406
5417836
5418039
5418105
5418384
5418734
5418823
5419954
5420630
5420724
5420988
5421164
5421274
5421313
5421545
5421589
5421741
5422005
5422178
5422722
5423001
5423113
5423524
5424483
5424494
5424891
5425046
5425106
5425163
5425221
5425406
5425430
5425587
5425619
5425682
5425891
5425912
5425990
5426157
5426291
5426357
5426569
5428367
5428417
5428535
5428770
5428894
5428948
5429035
5429452
5429645
5429681
5429837
5429998
5430332
5430373
5430651
5430730
5430963
5431023
5431124
5431203
5431590
5432586
5432608
5432636
5432986
5433576
5433660
5433691
5434113
5434230
5434705
5434867
5435052
5435079
5435275
5435468
5435495
5435508
5435873
5436050
5436458
5436604
5436807
5437352
5437422
5437462
5437567
5437722
5437945
5438028
5438035
5438138
5438485
5439760
5439800
5440166
5440563
5440702
5440819
5441077
5441137
5441387
5441529
5441790
5441909
5442045
5442154
5442185
5442284
5442401
5442454
5442577
5442816
5443089
5443103
5443166
5443225
5443232
5443389
5443530
5443585
5445660
5445755
5445910
5446126
5446145
5446273
5446673
5446718
5447190
5447299
5447330
5447607
5447665
5447745
5447826
5448173
5448306
5448327
5448371
5448439
5448570
5448666
5448705
5448903
5449983
5449991
5450886
5450937
5450963
5451013
5451127
5451467
5451649
5451657
5451684
5451830
5451845
5452027
5452181
5452531
5452704
5452905
5452950
5453147
5453210
5453283
5453417
5453453
5453750
5453813
5453933
5453942
5453968
5454028
5454121
5454181
5454256
5454300
5454368
5454387
5454414
5454429
5454464
5454507
5454519
5454587
5454602
5454654
5454723
5454767
5455082
5455192
5455338
5455468
5455746
5455803
5456052
5456143
5456348
5456775
5456797
5456989
5457455
5457544
5458682
5458765
5458861
5459015
5459092
5459127
5459247
5459295
5459309
5459446
5459464
5459607
5459615
5459738
5460681
5460868
5460906
5460941
5460971
5462788
5462856
5462869
5462922
5462953
5463256
5463329
5464163
5464256
5464325
5464382
5464686
5464794
5464881
5465056
5465505
5466131
5466152
5466251
5466385
5466718
5467112
5467298
5467375
5467391
5467544
5467703
5467796
5467821
5467867
5467888
5467937
5468132
5468199
5468336
5468422
5468652
5468694
5468825
5468944
5469015
5469083
5469129
5469242
5469264
5469820
5469846
5470280
5470588
5470921
5471230
5471348
5471394
5471503
5471973
5472123
5472228
5472351
5472379
5472468
5472681
5472750
5472885
5473443
5473648
5473795
5473931
5474265
5474277
5474287
5474420
5475256
5475324
5475746
5475764
5475916
5475972
5476005
5476116
5476170
5476190
5476201
5476285
5476320
5476429
5476536
5476690
5476714
5476758
5477303
5477323
5477354
5477425
5477450
5477594
5477638
5479655
5479721
5480099
5480105
5480173
5481450
5481797
5482076
5482575
5482661
5482694
5482849
5482978
5482986
5482996
5483213
5483333
5483348
5483436
5483544
5483609
5483617
5483808
5484162
5484287
5484293
5484365
5484463
5484632
5484642
5484793
5485025
5485089
5485254
5485396
5485411
5485441
5485540
5485552
5485725
5485999
5486120
5486210
5486239
5486288
5486359
5486597
5486703
5486762
5486894
5486949
5487098
5487125
5487183
5487198
5487313
5487328
5487404
5487482
5487707
5487907
5488108
5488153
5488340
5488424
5488444
5488476
5488493
5488514
5488525
5488549
5488587
5488667
5488675
5488758
5488769
5488818
5488878
5488884
5489054
5489446
5489483
5489530
5489789
5489805
5489830
5490604
5490666
5490716
5490852
5491035
5491160
5491470
5491520
5491551
5491714
5491827
5492058
5492498
5492505
5492632
5492674
5492923
5493008
5493171
5493258
5493280
5493285
5493360
5493373
5493389
5493415
5493504
5493565
5493612
5493648
5493681
5493687
5493701
5493744
5493768
5493817
5493868
5494110
5494229
5494270
5494329
5494544
5494564
5494750
5494774
5494868
5494963
5494986
5495124
5495251
5495387
5495638
5495646
5495755
5496160
5496446
5496500
5496830
5496925
5497187
5497261
5497861
5497912
5498112
5498672
5498977
5499163
5499300
5499362
5499591
5500011
5500292
5500519
5500608
5500770
5500842
5500888
5500948
5500988
5501023
5501328
5501359
5501559
5501845
5502070
5502127
5502136
5502149
5502178
5502186
5502356
5502637
5502768
5502860
5503004
5503075
5503249
5503670
5503738
5503766
5503841
5503962
5504129
5504177
5504185
5504210
5504382
5504392
5505007
5505296
5505508
5505777
5505914
5505956
5506500
5509053
5509114
5509273
5509446
5509530
5509658
5509940
5510015
5510306
5510490
5510561
5510800
5511292
5511361
5511385
5511521
5511675
5511776
5511860
5511869
5512346
5512577
5512654
5512813
5512822
5513563
5513806
5514003
5514088
5514136
5514236
5514323
5514406
5514848
5515059
5515219
5515351
5515396
5515565
5515815
5515924
5518510
5518975
5519097
5519403
5519774
5520298
5520410
5520930
5521029
5521087
5521277
5521511
5522074
5522117
5522143
5522168
5522339
5522441
5522539
5522620
5522642
5522648
5522794
5522943
5522981
5523184
5523518
5523560
5523714
5524494
5524568
5524731
5524765
5524993
5525387
5525667
5525973
5526197
5526254
5526268
5526731
5526955
5526994
5527055
5527131
5527529
5527542
5527678
5527689
5527703
5527824
5527837
5527883
5528121
5528226
5529099
5529239
5529351
5530849
5530869
5530942
5530985
5531122
5531183
5531228
5531441
5531558
5531602
5531902
5531940
5532498
5532669
5532850
5533062
5533085
5533107
5533163
5533360
5533370
5533530
5533542
5533630
5533665
5533950
5533961
5534002
5534136
5534329
5534845
5534966
5535590
5535601
5535654
5535706
5535730
5535856
5535944
5535999
5536327
5536339
5536359
5536440
5536551
5536567
5536735
5536748
5536762
5536772
5536783
5536817
5536877
5536948
5536993
5537285
5537318
5537342
5537450
5537527
5537583
5537674
5537727
5537913
5537967
5538032
5538062
5538113
5538136
5538171
5538223
5538262
5538476
5538502
5538583
5538610
5538653
5538785
5538828
5539038
5539064
5539327
5539341
5539387
5539436
5539520
5539570
5539600
5539617
5539653
5539660
5539767
5539800
5539983
5540003
5540166
5540176
5540183
5540302
5540383
5540446
5540632
5540722
5540741
5540793
5540842
5540849
5540905
5540918
5541040
5541136
5541171
5541218
5541272
5541364
5541536
5541620
5541635
5541704
5541711
5541733
5541855
5542082
5542223
5542317
5542359
5542424
5542609
5542665
5542677
5542721
5542831
5542912
5543308
5543509
5543748
5543787
5543812
5544023
5544114
5544237
5544400
5544409
5544510
5544544
5544576
5544605
5544622
5544854
5545068
5545076
5545088
5545256
5545345
5545357
5545590
5545648
5545774
5545791
5545820
5545835
5546421
5546588
5546597
5546638
5546664
5546700
5546713
5546733
5546753
5546887
5546917
5548980
5549199
5549325
5549695
5549741
5549753
5549783
5549850
5549885
5549891
5549925
5549995
5550384
5550607
5550668
5550942
5551215
5551258
5551276
5551351
5551409
5551450
5551524
5551597
5551755
5552017
5552069
5552216
5552509
5552575
5552720
5552833
5552853
5552902
5553007
5553178
5553348
5554117
5554335
5554414
5554479
5554515
5554597
5554671
5554806
5554896
5554906
5555004
5555079
5555121
5555151
5555271
5555454
5555493
5555628
5555638
5555751
5555763
5555940
5555955
5556188
5556203
5556244
5556346
5556493
5556537
5556569
5556664
5556701
5556782
5556811
5556872
5556920
5556954
5556978
5557108
5557173
5557230
5557265
5557301
5557318
5557358
5557464
5557679
5557867
5557932
5557962
5557977
5558020
5558086
5558139
5558205
5558243
5558378
5558418
5558428
5558466
5558522
5558590
5558682
5558714
5558918
5559200
5559288
5559337
5559458
5559509
5559625
5559763
5559892
5560293
5560330
5560350
5560421
5560508
5560526
5560558
5560732
5560795
5560863
5560912
5561190
5561224
5561349
5561355
5561722
5561796
5561956
5562000
5562185
5562268
5562397
5562406
5562625
5562694
5562700
5562824
5562834
5562854
5562935
5563038
5563087
5563107
5563212
5563229
5563366
5563387
5563467
5563563
5563584
5563681
5563687
5563916
5564196
5564299
5564361
5564378
5564496
5564553
5564576
5564617
5564640
5564673
5564874
5564954
5565090
5565161
5565246
5565274
5565468
5565489
5565513
5565571
5565589
5565620
5567612
5567783
5567836
5568066
5568121
5568210
5568272
5568385
5568433
5568594
5568692
5568707
5568724
5568824
5568908
5569043
5569049
5570058
5570105
5570141
5570349
5570605
5570753
5570966
5571004
5571087
5571400
5571472
5571961
5571985
5572090
5572102
5572287
5572355
5572452
5572490
5572674
5572749
5572897
5572973
5572984
5573009
5573225
5573246
5573466
5573616
5573714
5573739
5573752
5573825
5573876
5573923
5573956
5574068
5574150
5574198
5574245
5574255
5574266
5574288
5574302
5574630
5574662
5574992
5575055
5575065
5575179
5575215
5575356
5575443
5575509
5575547
5575806
5575872
5575906
5575958
5575987
5576076
5576151
5576283
5576303
5576315
5576426
5576442
5576599
5576629
5576738
5576822
5576896
5576978
5577065
5577373
5577391
5577454
5577471
5577511
5577663
5577768
5577826
5578056
5578118
5578143
5578168
5578226
5578391
5578669
5578697
5578705
5578727
5578745
5578941
5579082
5579113
5579280
5579469
5579534
5579711
5579813
5579876
5579906
5579985
5580137
5580309
5580429
5580489
5580546
5580570
5580662
5580910
5580990
5580998
5581020
5581144
5581202
5581214
5581262
5581269
5581379
5581522
5581544
5581790
5581856
5581900
5581997
5582003
5582139
5582394
5582445
5582555
5582639
5582956
5583250
5583438
5583558
5583790
5583829
5583954
5583965
5584005
5584032
5584057
5584327
5584425
5584492
5584534
5584543
5584784
5585046
5585107
5585149
5585212
5585230
5585236
5585268
5585383
5585434
5585485
5585500
5585634
5585646
5585719
5585806
5585844
5585912
5588223
5588352
5588414
5588696
5588743
5588824
5589014
5589184
5589223
5589264
5589276
5589360
5589391
5589463
5590693
5590705
5590741
5590809
5590850
5590901
5591040
5591321
5591329
5591446
5591473
5591503
5591525
5591596
5591612
5591652
5591670
5591724
5591785
5591915
5591956
5591962
5592150
5592277
5592295
5592440
5592460
5592473
5592986
5593010
5593016
5593024
5593036
5593059
5593092
5593111
5593120
5593174
5593292
5593386
5593452
5593463
5593495
5593540
5593546
5593666
5593693
5593710
5593769
5593837
5593856
5594048
5594059
5594090
5594223
5594265
5594305
5594342
5594355
5594531
5594592
5594647
5594775
5594790
5594798
5594805
5594872
5594979
5594999
5595049
5595222
5595238
5595267
5595426
5595524
5595679
5595771
5596707
5596730
5596862
5597001
5597084
5597135
5597363
5597415
5597465
5597533
5597540
5597699
5597999
5598143
5598244
5598262
5598343
5598376
5598547
5598580
5598658
5598714
5598738
5598850
5598973
5599187
5599214
5599268
5599350
5599456
5599570
5599653
5599722
5600154
5600160
5600189
5600206
5600390
5600606
5600690
5600927
5601160
5601171
5601380
5601490
5601734
5602488
5602537
5602682
5602772
5602817
5602897
5603219
5603419
5603459
5603512
5603595
5603652
5603805
5603875
5603990
5604010
5604024
5604084
5604125
5604308
5604319
5604418
5604547
5604637
5604652
5604672
5604691
5604711
5604983
5605019
5605025
5605081
5605109
5605297
5605309
5605319
5605349
5605380
5605393
5605482
5605584
5605661
5605667
5605909
5605916
5605935
5605943
5606151
5606208
5606298
5609068
5609181
5609255
5609333
5609458
5609602
5609832
5609872
5609882
5610197
5610230
5610327
5610604
5610654
5610681
5610944
5611051
5611183
5611243
5611359
5611371
5611388
5611669
5611686
5611815
5611969
5611982
5612119
5612350
5612394
5612401
5612507
5612676
5612924
5613037
5613092
5613423
5613433
5613489
5613535
5613543
5613569
5613599
5613612
5613649
5613753
5613816
5613887
5613941
5614073
5614094
5614263
5614316
5614378
5614390
5614444
5614545
5614841
5614857
5614921
5614999
5615021
5615154
5615368
5615425
5615572
5615616
5615835
5615921
5615941
5616054
5616153
5616190
5616237
5616278
5616302
5616543
5616570
5616611
5616627
5616637
5616689
5616698
5616780
5617017
5617146
5617155
5617215
5617256
5617276
5617306
5617411
5617463
5617627
5617648
5617891
5617956
5617995
5618075
5618144
5618164
5618298
5618323
5618340
5618349
5618363
5618414
5618511
5618571
5618593
5619043
5619216
5619330
5619368
5619420
5619428
5619465
5619564
5619727
5619824
5620107
5620294
5620339
5620419
5620563
5620586
5620705
5620841
5620927
5620965
5621054
5621285
5621507
5621591
5621781
5622123
5622135
5622242
5622333
5622373
5622400
5622513
5622600
5622682
5622880
5623316
5623862
5623879
5623992
5624222
5624242
5624371
5624460
5624534
5624558
5624729
5624742
5624789
5624808
5624823
5624862
5624891
5624918
5624935
5625005
5625197
5625209
5625225
5625427
5625462
5625738
5625772
5625839
5625899
5625986
5625992
5626051
5626263
5626319
5626414
5626446
5626494
5631344
5631372
5631430
5631436
5631682
5631771
5631812
5632057
5632085
5632102
5632148
5632513
5632601
5632611
5632935
5633285
5633418
5633681
5633924
5633954
5634471
5635253
5635530
5635594
5636051
5636359
5636566
5637060
5637085
5637107
5637264
5637511
5637528
5637610
5637650
5637666
5637722
5637858
5637869
5638388
5638412
5638621
5638649
5638916
5639090
5639395
5639640
5639660
5639830
5639923
5639955
5640203
5640250
5640339
5640403
5640529
5640735
5640807
5641083
5641237
5641360
5641873
5641904
5642190
5642338
5642616
5642720
5642827
5643375
5643506
5643664
5643980
5644201
5644469
5644493
5644686
5644767
5644931
5644996
5645490
5645584
5645885
5645975
5646018
5646024
5646040
5646173
5646188
5646278
5646386
5646413
5646608
5646739
5646787
5646882
5646897
5647058
5647103
5647555
5647575
5647628
5647856
5647957
5647999
5648045
5648123
5649479
5649485
5649758
5649811
5649859
5649882
5650020
5650097
5650339
5650345
5650413
5650467
5650541
5652475
5652995
5653067
5653096
5653555
5653770
5653934
5654335
5654598
5654821
5655002
5655025
5655212
5655259
5655275
5655443
5656101
5656276
5656491
5656531
5656597
5656836
5657043
5657105
5657345
5657504
5657677
5657733
5657756
5658007
5658147
5658175
5658222
5658424
5658491
5658627
5659060
5659582
5659983
5660041
5660334
5661350
5661447
5661575
5661703
5661720
5661806
5661888
5662075
5662294
5662417
5662685
5662892
5662969
5663017
5663253
5663528
5663624
5663745
5663873
5663888
5663923
5664118
5664354
5664529
5664839
5665073
5665116
5665423
5665507
5665549
5665795
5666020
5666116
5666571
5666821
5666846
5666899
5666949
5666975
5667007
5667039
5667057
5667076
5667173
5667321
5667358
5667377
5667540
5667599
5667615
5667646
5667653
5667761
5667963
5668015
5668102
5668141
5668152
5668941
5669046
5669062
5669124
5669174
5669249
5669310
5669326
5669480
5669775
5669851
5669874
5669914
5670859
5671108
5671268
5671302
5671336
5671468
5671740
5671768
5672163
5672240
5672405
5672689
5672901
5672996
5673174
5673237
5673354
5673436
5673449
5673522
5673604
5673835
5673853
5673870
5673904
5674033
5674054
5674101
5674255
5674269
5674322
5674348
5674461
5674508
5674516
5674572
5674735
5675146
5675399
5675432
5675568
5675634
5676175
5676364
5676563
5676601
5676719
5676747
5676809
5676860
5676902
5676924
5677057
5677179
5677187
5677245
5677354
5677424
5677536
5677550
5677658
5677894
5677983
5678026
5678202
5678256
5678306
5678346
5678492
5678751
5679367
5679399
5679469
5679619
5680115
5681829
5682052
5682141
5682745
5682753
5682792
5682885
5683088
5683225
5683697
5683787
5683885
5683953
5684034
5684145
5684454
5684461
5684803
5684825
5684914
5685100
5685116
5685292
5685460
5685512
5685560
5685590
5685650
5685705
5685927
5685993
5686000
5686007
5686150
5686174
5686341
5686354
5686363
5686766
5686877
5686955
5686963
5687122
5687177
5687224
5687271
5687328
5687392
5687462
5688110
5688126
5688166
5688346
5688410
5688529
5688594
5688631
5688827
5689143
5689156
5689263
5689284
5689290
5689417
5689424
5689809
5689834
5689900
5689915
5689954
5689970
5690002
5690059
5690328
5690363
5690374
5690386
5690393
5690495
5690532
5690543
5690566
5690584
5691237
5691271
5691277
5693009
5694532
5694872
5694918
5694972
5695404
5695522
5695602
5695691
5695763
5695787
5695817
5695931
5696069
5696197
5696393
5696536
5696619
5696638
5697044
5697116
5697252
5697426
5697551
5697662
5697711
5697755
5697849
5697953
5698301
5698416
5698453
5698836
5699756
5699776
5700016
5700043
5700403
5700434
5700797
5700806
5701344
5701727
5701761
5701856
5702526
5702849
5702869
5702908
5702967
5703005
5703158
5703261
5703323
5703339
5703349
5703377
5703544
5703667
5703939
5703955
5704301
5704539
5704574
5704739
5704760
5704872
5704925
5704947
5705079
5705212
5705277
5705295
5705302
5705473
5705606
5705627
5705650
5705961
5706008
5706039
5706088
5706307
5706473
5706495
5706687
5706869
5707934
5707998
5708522
5708710
5708836
5708856
5709201
5709248
5709254
5709500
5709772
5709857
5709924
5710029
5710328
5710391
5710417
5710426
5710498
5710957
5710996
5711131
5711289
5711319
5711335
5711482
5711646
5711669
5711690
5711822
5711881