11946959
11947253
11948214
11948829
11949008
11950160
11952430
11952625
11952686
11952940
11953349
11953672
11954018
11954116
11954743
11955356
11956404
11956467
11956533
11957238
11957694
11957740
11957986
11958451
11958482
11958542
11958839
11959161
11960663
11960900
11961139
11961330
11961468
11962065
11962455
11962749
11963067
11964162
11964217
11965181
11965589
11965612
11966839
11967816
11969588
11969928
11970018
11970178
11970363
11970818
11973303
11974198
11974607
11976208
11976641
11976925
11977088
11977114
11978261
11978279
11978646
11980527
11981286
11981453
11982096
11982147
11982479
11983090
11983312
11984953
11985019
11985403
11986400
11986590
11986642
11986940
11988439
11988827
11988904
11988931
11989655
11990092
11990172
11990223
11990947
11990976
11991082
11992680
11992899
11993667
11994644
11994663
11995646
11996827
11997061
11997137
11999813
12000152
12000681
12001901
12002893
12003979
12004231
12005901
12008628
12009025
12009332
12009579
12010997
12011039
12011143
12011354
12012839
12013428
12014558
12014878
12015855
12016030
12016227
12016430
12018077
12018869
12021299
12022884
12023883
12024361
12024954
12024960
12025375
12025487
12026113
12026237
12030879
12033077
12034074
12034470
12034991
12039187
12040202
12041015
12044075
12044416
12044450
12044817
12044963
12045056
12046232
12046480
12047070
12048906
12049003
12051253
12052219
12053023
12054583
12054641
12054789
12054832
12055668
12056035
12056255
12058787
12058839
12059730
12060300
12060841
12061236
12061779
12062298
12063309
12063953
12067249
12068243
12068364
12069577
12069935
12070353
12070653
12071145
12071345
12071757
12071897
12072947
12073112
12073175
12073611
12073679
12074147
12074282
12074470
12074521
12074715
12074946
12075023
12075348
12075419
12076005
12076079
12076213
12076357
12076536
12077831
12077839
12078034
12080001
12080058
12084031
12084226
12084546
12084610
12084743
12085224
12085283
12085984
12086306
12086519
12086526
12086724
12086797
12087111
12087216
12087228
12087259
12087291
12087322
12087356
12087388
12087411
12087468
12087492
12087500
12087512
12087589
12087603
12087624
12087664
12087788
12087804
12087825
12087836
12087947
12087979
12088028
12088068
12088084
12088112
12088126
12088163
12088184
12088234
12088261
12088350
12088364
12088547
12088598
12088634
12088657
12088816
12088875
12088882
12089037
12089050
12089148
12089196
12089215
12089232
12089390
12089437
12089445
12089552
12089579
12089619
12089631
12089645
12089661
12089670
12089709
12089720
12089791
12089935
12089942
12089990
12090026
12090084
12090154
12090224
12090235
12090264
12090342
12090432
12090600
12090636
12090651
12090674
12090695
12090702
12090730
12090982
12090996
12091012
12091055
12091090
12091098
12091193
12091222
12091270
12091286
12091333
12091377
12091415
12091457
12091481
12091498
12091876
12091964
12092086
12092114
12092127
12092270
12092279
12092605
12092782
12092820
12092890
12093065
12093517
12093543
12093573
12093605
12093761
12094279
12094872
12095312
12095551
12097304
12098328
12098623
12098905
12098936
12099013
12099062
12099069
12099112
12099127
12099255
12099322
12099338
12099405
12099429
12099477
12099531
12099553
12099561
12099574
12099587
12099682
12099883
12099907
12100014
12100055
12100064
12100075
12100095
12100118
12100168
12100355
12100444
12100453
12100512
12100527
12100559
12100571
12100577
12100583
12100602
12100616
12100639
12100649
12100658
12100708
12100741
12100757
12100787
12100828
12101012
12101036
12101045
12101074
12101108
12101119
12101125
12101146
12101179
12101193
12101198
12101229
12101235
12101241
12101289
12101314
12101335
12101361
12101371
12101387
12101447
12101454
12101467
12101487
12101499
12101536
12101546
12101552
12101566
12101607
12101613
12101671
12101685
12101757
12101835
12101862
12101906
12101922
12101949
12101961
12101970
12101977
12102000
12102007
12102056
12102066
12102102
12102113
12102122
12102157
12102164
12102173
12102180
12102221
12102246
12102259
12102317
12102358
12102365
12102403
12102410
12102463
12102482
12102548
12102573
12102600
12102608
12102627
12102647
12102702
12102724
12102757
12102769
12102778
12102786
12102796
12102811
12102828
12102855
12102872
12102898
12102932
12102954
12103015
12103054
12103064
12103100
12103113
12103125
12103163
12103195
12103216
12103270
12103363
12103413
12103428
12103469
12103487
12103537
12103557
12103593
12103634
12103668
12103683
12103713
12103731
12103747
12103758
12103874
12103880
12103900
12103911
12103919
12103933
12104012
12104041
12104062
12104087
12104101
12104114
12104158
12104255
12104288
12104306
12104319
12104405
12104413
12104474
12104505
12104625
12104637
12104764
12104770
12104806
12104830
12104874
12104882
12104903
12104929
12104935
12104959
12104965
12104978
12104986
12104997
12105011
12105043
12105070
12105200
12105209
12105218
12105238
12105435
12105459
12105481
12105491
12105626
12105676
12105719
12105725
12105735
12105760
12105776
12105818
12105832
12105880
12105891
12105905
12105921
12106125
12106194
12106247
12106319
12106350
12106360
12106373
12106384
12106438
12106517
12106526
12106558
12106673
12106736
12106789
12106797
12106848
12106860
12106964
12106986
12107001
12107017
12107028
12107094
12107164
12107229
12107242
12107260
12107415
12107615
12107791
12107890
12108004
12108044
12108140
12108273
12108592
12108708
12109027
12109062
12109098
12109143
12109176
12109355
12109434
12109448
12109511
12109525
12109620
12109686
12109745
12109788
12109988
12110305
12110334
12110438
12110483
12110504
12110646
12110727
12110857
12111138
12111227
12111268
12111279
12111645
12111699
12111782
12111850
12112073
12112311
12112425
12113577
12113722
12119589
12121972
12122154
12122205
12122754
12123899
12124119
12124142
12124181
12124493
12124809
12125326
12125754
12126078
12126726
12126745
12127386
12127744
12128069
12128244
12128452
12129345
12130023
12130055
12130149
12130200
12130438
12130853
12130974
12131004
12131395
12131594
12131642
12131717
12131784
12132569
12132713
12134071
12134456
12134468
12134590
12134983
12135352
12135707
12136397
12136599
12136948
12137531
12137877
12138032
12139110
12139154
12139327
12139333
12139399
12139498
12139524
12139553
12139704
12139766
12140034
12140149
12140162
12140210
12140445
12140502
12140659
12141119
12141536
12142006
12142093
12142202
12142373
12142942
12143566
12143923
12144284
12145142
12145652
12145772
12146544
12146609
12147201
12147460
12147687
12147957
12148204
12151231
12151845
12151852
12152005
12152361
12152454
12153587
12153599
12154589
12154620
12154748
12154814
12154882
12154900
12154953
12154959
12155076
12155098
12155224
12155257
12155345
12155372
12155523
12155546
12155609
12155625
12155631
12155642
12155651
12155712
12155820
12155855
12155894
12156068
12156084
12156120
12156148
12156173
12156236
12156294
12156351
12156407
12156478
12156503
12156509
12156650
12156664
12156745
12156842
12156897
12157036
12157042
12157051
12157138
12157174
12157351
12157403
12157434
12157534
12157548
12157558
12157581
12157622
12157643
12157751
12157833
12157841
12157883
12157890
12157958
12157968
12157980
12158032
12158064
12158136
12158232
12158291
12158321
12158415
12158421
12158471
12158517
12158560
12158606
12158627
12158698
12158707
12158739
12158757
12158866
12158872
12158887
12158910
12158916
12158933
12158940
12158975
12159034
12159048
12159088
12159234
12159244
12159250
12159285
12159365
12159435
12159530
12159566
12159591
12159639
12159691
12159792
12159825
12159854
12159915
12159947
12159970
12160001
12160078
12160110
12160175
12160185
12160305
12160372
12160424
12160433
12160457
12160470
12160508
12160514
12160524
12160588
12160597
12160637
12160681
12160696
12160707
12160733
12160765
12160772
12160879
12160913
12160991
12161016
12161036
12161054
12161075
12161083
12161154
12161168
12161175
12161242
12161258
12161279
12161307
12161317
12161365
12161371
12161474
12161529
12161538
12161584
12161591
12161611
12161621
12161631
12161858
12161878
12161898
12162016
12162056
12162126
12162274
12162358
12162365
12162591
12162610
12162681
12162709
12162802
12162944
12162982
12163071
12163226
12163245
12163288
12163441
12163467
12163497
12163784
12163818
12163846
12164015
12164171
12164342
12164413
12164489
12164616
12164689
12164713
12164765
12164979
12165078
12165400
12165525
12165591
12165616
12165688
12165707
12165715
12165799
12166375
12166405
12168316
12168368
12168455
12168705
12168972
12169083
12169119
12169467
12169907
12170306
12170563
12170833
12171132
12171517
12171658
12171665
12171757
12171776
12171812
12171860
12171883
12171982
12172486
12172526
12172571
12172581
12172598
12172622
12172705
12172717
12172727
12172748
12172766
12172877
12172892
12172972
12173053
12173182
12173221
12173314
12173352
12173358
12173414
12173421
12173442
12173490
12173535
12173573
12173617
12173682
12173777
12173785
12173816
12173866
12173872
12174049
12174057
12174154
12174184
12174199
12174248
12174259
12174270
12174324
12174360
12174376
12174447
12174567
12174628
12174640
12174692
12174699
12174731
12174747
12174809
12174859
12174926
12174935
12175025
12175096
12175117
12175131
12175192
12175212
12175230
12175248
12175266
12175281
12175294
12175300
12175317
12175489
12175506
12175512
12175525
12175541
12175743
12175911
12176084
12176102
12176257
12176316
12176410
12176490
12176502
12176613
12176646
12176666
12176716
12176859
12176884
12176947
12176971
12176989
12177069
12177130
12177151
12177182
12177210
12177225
12177240
12177279
12177299
12177348
12177372
12177392
12177449
12177480
12177517
12177621
12177719
12177794
12177832
12177917
12177963
12177983
12178016
12178039
12178045
12178051
12178056
12178086
12178104
12178202
12178210
12178219
12178318
12178332
12178348
12178361
12178471
12178494
12178501
12178518
12178528
12178546
12178559
12178635
12178648
12178660
12178675
12178703
12178709
12178860
12178885
12178937
12178972
12178982
12179001
12179034
12179065
12179134
12179162
12179213
12179294
12179311
12179324
12179394
12179427
12179475
12179499
12179508
12179523
12179669
12179700
12179720
12179757
12179884
12179890
12179945
12179975
12179987
12180087
12180098
12180125
12180139
12180175
12180181
12180239
12180285
12180364
12180502
12180544
12180628
12180671
12180749
12180812
12180845
12180929
12180942
12181008
12181076
12181243
12181467
12181708
12181818
12181839
12181860
12181918
12182021
12182314
12182468
12182502
12182753
12182833
12182858
12182944
12183059
12183188
12183477
12183745
12183812
12184017
12184098
12184220
12184413
12184617
12184708
12184941
12184964
12187221
12187396
12188796
12188835
12189178
12189280
12189320
12189469
12189511
12189570
12189728
12189790
12189967
12190068
12190146
12190235
12190361
12190395
12190512
12190549
12190562
12190665
12190711
12190717
12190732
12190855
12190976
12191027
12191043
12191075
12191224
12191321
12191388
12191453
12191522
12191558
12191583
12191597
12191665
12191729
12191797
12191810
12191873
12191928
12191986
12192054
12192070
12192154
12192308
12192314
12192441
12192544
12192551
12192680
12192724
12192743
12192757
12192773
12192803
12192850
12192986
12193111
12193148
12193195
12193265
12193288
12193311
12193370
12193459
12193465
12193471
12193523
12193782
12193887
12193959
12194102
12194233
12194251
12194352
12194420
12194580
12194616
12194644
12194695
12194823
12194843
12194930
12194992
12195041
12195208
12195302
12195328
12195346
12195422
12195472
12195507
12195554
12195764
12195791
12195854
12195906
12195923
12195987
12196031
12196088
12196190
12196322
12196367
12196551
12196583
12196608
12196616
12196711
12196745
12196761
12196787
12196808
12196832
12196916
12197059
12197116
12197132
12197160
12197204
12197383
12197432
12197459
12197471
12197477
12197487
12197541
12197619
12197648
12197871
12197878
12197937
12198039
12198062
12198072
12198078
12198170
12198200
12198243
12198326
12198583
12198604
12198711
12198795
12198816
12198916
12198978
12199047
12199313
12199576
12199598
12199772
12199783
12200095
12200101
12200288
12200336
12200378
12200403
12200442
12200758
12201000
12201048
12201056
12201071
12201283
12201406
12201421
12201442
12201475
12201737
12202055
12202153
12202195
12202205
12202271
12202304
12202641
12202942
12203127
12203159
12203175
12203296
12203420
12203739
12203854
12204291
12204500
12205775
12205815
12206094
12206109
12206191
12206582
12206987
12207128
12207279
12207607
12208256
12208264
12208407
12208581
12208769
12208889
12209176
12209835
12209849
12209937
12210804
12211078
12211196
12211244
12211250
12211305
12211629
12211771
12212066
12212353
12212846
12213113
12213272
12213460
12213547
12213702
12213895
12214472
12214563
12214716
12215483
12215632
12216594
12216960
12217279
12217467
12217544
12217907
12218856
12219083
12219658
12220050
12220453
12220853
12221455
12221728
12222024
12222922
12223064
12223073
12223352
12223358
12223370
12225149
12225578
12225917
12226151
12226217
12226408
12227009
12227084
12227159
12227166
12227586
12227685
12227818
12228197
12228503
12228782
12228914
12228957
12229016
12229236
12229251
12229306
12229357
12229542
12229550
12229556
12229607
12229765
12229811
12229872
12230068
12230206
12230248
12230510
12230849
12231115
12231680
12231720
12231908
12232038
12232325
12232434
12232506
12232513
12232569
12232647
12232660
12232722
12232758
12232785
12232903
12232909
12232989
12233051
12233194
12233309
12233395
12233464
12233526
12233672
12233816
12233847
12233892
12234044
12234486
12234568
12234851
12235101
12235148
12235184
12235269
12235309
12235387
12235702
12235823
12235916
12236078
12236744
12236767
12236823
12236829
12236845
12237035
12237139
12237381
12237465
12237882
12237905
12237923
12238042
12238093
12238229
12238380
12238593
12239120
12239269
12239300
12239306
12239755
12239797
12240197
12240593
12240732
12240835
12241274
12241394
12241854
12241958
12242339
12242843
12243631
12244431
12245242
12246045
12248682
12248759
12249069
12249244
12249964
12250454
12251249
12251369
12251845
12252260
12252590
12252655
12252951
12252960
12253910
12254124
12254223
12254450
12254967
12255447
12255657
12255733
12256061
12256137
12256345
12256519
12256608
12257211
12257441
12257809
12259332
12259561
12259633
12261460
12261608
12262646
12262795
12263264
12263304
12263439
12263474
12264094
12264718
12265039
12265102
12267995
12268194
12268325
12268479
12268624
12268830
12269615
12269663
12270067
12270466
12271370
12271424
12272080
12272185
12272663
12275157
12275396
12276813
12277474
12277487
12277819
12278546
12278796
12280116
12280774
12280836
12283195
12292914
12293088
12293432
12294241
12296284
12296795
12297061
12297342
12297390
12297455
12297465
12297598
12298097
12298101
12298214
12298296
12298315
12298342
12298575
12298686
12298704
12298729
12298768
12299006
12299076
12299159
12299234
12299245
12299295
12299409
12299426
12299447
12299461
12299504
12299516
12299562
12299639
12299932
12299991
12300162
12300213
12300264
12300404
12300467
12301212
12302506
12302633
12302983
12303082
12303137
12303209
12303382
12303446
12303521
12303625
12304058
12304157
12304222
12304284
12304761
12304848
12304886
12307522
12307566
12307925
12308277
12309537
12309658
12310141
12310478
12310683
12310896
12311150
12311325
12311961
12312267
12312379
12312585
12313203
12313224
12313249
12313261
12313272
12313315
12313360
12313370
12313421
12313461
12313477
12313566
12313579
12313791
12313865
12313924
12313930
12313951
12314043
12314090
12314152
12314219
12314231
12314235
12314416
12314579
12314608
12314618
12314692
12314728
12314774
12314871
12315064
12315136
12315196
12315207
12315232
12315240
12315273
12315316
12315467
12315557
12315598
12315641
12315651
12315757
12315826
12315865
12316029
12316082
12316089
12316124
12316217
12316301
12316498
12316678
12316865
12317000
12317091
12317111
12317195
12317272
12317359
12317469
12317726
12317778
12318267
12318505
12318924
12319019
12319139
12319163
12319683
12319741
12319788
12319833
12320043
12320138
12320957
12321149
12321274
12321883
12321899
12322331
12322378
12322415
12322526
12322591
12322866
12323036
12323260
12323454
12323517
12323665
12323822
12324147
12324177
12324196
12324283
12324379
12324383
12324427
12325172
12325202
12326265
12326569
12326687
12327070
12327205
12327263
12327286
12327300
12327925
12328260
12328768
12329185
12329881
12329994
12330117
12330325
12330421
12330767
12330873
12331413
12331888
12332004
12332916
12332967
12333435
12333524
12333679
12334197
12334212
12334867
12334960
12335748
12335964
12336063
12336234
12336522
12337006
12337073
12338251
12338403
12339463
12339983
12340268
12340336
12340526
12341574
12341892
12342043
12342142
12343710
12344116
12344421
12344443
12344767
12344952
12345444
12345600
12345876
12346010
12346203
12346683
12346913
12347078
12347657
12347672
12347731
12347856
12348102
12348372
12348581
12349290
12349735
12350544
12350758
12350821
12351094
12351590
12351917
12351924
12352127
12352203
12352243
12352331
12352794
12352843
12352924
12353034
12353120
12353196
12353453
12353487
12353648
12353677
12353855
12353864
12353874
12353922
12353937
12354043
12354108
12354144
12354271
12354411
12354469
12354485
12354537
12354551
12354842
12354869
12354920
12355022
12355087
12355419
12355704
12355719
12355780
12356032
12356039
12356076
12356300
12356322
12356655
12356672
12356895
12357294
12357455
12357550
12357753
12358044
12358277
12358927
12358936
12359013
12359869
12359897
12361005
12361837
12363000
12364107
12364537
12364580
12365059
12365849
12366501
12366911
12367171
12367179
12367248
12367357
12367683
12367698
12367780
12367793
12368133
12368188
12368247
12368393
12368502
12368525
12368540
12368557
12368604
12368698
12368726
12369120
12369270
12369437
12369470
12369785
12369826
12369880
12369889
12369923
12369964
12369976
12370057
12370186
12370225
12370246
12370257
12370311
12370323
12370469
12370558
12370616
12370686
12370816
12370846
12370937
12371082
12371134
12371192
12371267
12371344
12371563
12371671
12371781
12372705
12372723
12372781
12372837
12373042
12373080
12373529
12373600
12373739
12373758
12373777
12373895
12373933
12374047
12374080
12374199
12374596
12374641
12374735
12374820
12374957
12375044
12375061
12375208
12375373
12375487
12375527
12375563
12376073
12376489
12376538
12377813
12377927
12377975
12378013
12379712
12380079
12380347
12380513
12380578
12380664
12381021
12381967
12384211
12385163
12385478
12385492
12387058
12387274
12387348
12387388
12387876
12388237
12388258
12388906
12389273
12389367
12389641
12389697
12389720
12389732
12389872
12389897
12391032
12391604
12392051
12393999
12394474
12395254
12395646
12396885
12399008
12399176
12400739
12400852
12401341
12401630
12401668
12401723
12403311
12404061
12407104
12407302
12407590
12408304
12408857
12409486
12410294
12410917
12410965
12411431
12411919
12412213
12412565
12413105
12414810
12414893
12414937
12415228
12416274
12416600
12417049
12418332
12418659
12419043
12419821
12420540
12420817
12422999
12426309
12426504
12426598
12427145
12427446
12427541
12427751
12427903
12427925
12427951
12429141
12429743
12430487
12430754
12430958
12430988
12431094
12431277
12431375
12431405
12431546
12431719
12432132
12432162
12432904
12433539
12433816
12434655
12435040
12435065
12435603
12435707
12436155
12436411
12436897
12437185
12437351
12437361
12437557
12438134
12438155
12439780
12440543
12440702
12440834
12441026
12441109
12441353
12441431
12441586
12441733
12441974
12442499
12442611
12443911
12444057
12444082
12444764
12445012
12445130
12445354
12445601
12446143
12446240
12447296
12447368
12448727
12448929
12449459
12450405
12451294
12451342
12451486
12451496
12451707
12451912
12452010
12452105
12452275
12452666
12452846
12453246
12453562
12453963
12454461
12454802
12454969
12455060
12455440
12455479
12455991
12456311
12456451
12457502
12458962
12459281
12459433
12459610
12460360
12461598
12461672
12462117
12462213
12462392
12463080
12464056
12464070
12464285
12466172
12466729
12467081
12467451
12467626
12467746
12467771
12468031
12468679
12468800
12468932
12469418
12469775
12470053
12470702
12471720
12471875
12472346
12472914
12473203
12473539
12473856
12473985
12474359
12474593
12474928
12475388
12475686
12476412
12477418
12477593
12477633
12478300
12479000
12479606
12479875
12480083
12480158
12480262
12480880
12481099
12483549
12483583
12484916
12484973
12485753
12485838
12486161
12486514
12487062
12488469
12488930
12488972
12490161
12490256
12490543
12490802
12491702
12492361
12492720
12492766
12492901
12492919
12492985
12493503
12493510
12493961
12494120
12494870
12495107
12495118
12496372
12496586
12496808
12496888
12497105
12498898
12499682
12499741
12499763
12500029
12500314
12500894
12500901