8710536
8710581
8710587
8710788
8710868
8710959
8710974
8711045
8711237
8711243
8711287
8711419
8711580
8711648
8711717
8711824
8711916
8711983
8712191
8712336
8712415
8712518
8713076
8714983
8715006
8715500
8715544
8715572
8715580
8715864
8715877
8716150
8716372
8716411
8716445
8717118
8717140
8717448
8717457
8717465
8717588
8717745
8717841
8718078
8718094
8718138
8718496
8718631
8718829
8718850
8718890
8718918
8718963
8719071
8719076
8719157
8719183
8719287
8720299
8720322
8720405
8720426
8720505
8720532
8720637
8720669
8721064
8721179
8721200
8721233
8721310
8721359
8721383
8721634
8721707
8721841
8721942
8721997
8722047
8722059
8722071
8722134
8722165
8722178
8722187
8722231
8722239
8722344
8722401
8722455
8722488
8722522
8722590
8722631
8722707
8722727
8722890
8722922
8722962
8722973
8722999
8723177
8723183
8723250
8723267
8723315
8723400
8723407
8723438
8723527
8723551
8723568
8723580
8723602
8723615
8723623
8723965
8724012
8724085
8724121
8724225
8724301
8724345
8724373
8724421
8724470
8724626
8724674
8724796
8724804
8724825
8724945
8724956
8725149
8725171
8725264
8725272
8725348
8725423
8725498
8725517
8725592
8725599
8725762
8725854
8726025
8726062
8726082
8726123
8726143
8726182
8726274
8726319
8726327
8726345
8726398
8726469
8726498
8726521
8726550
8726558
8726568
8726645
8726740
8726820
8726895
8726906
8726927
8727060
8727073
8727132
8727155
8727307
8727366
8727386
8727399
8727506
8727534
8727589
8727728
8727785
8727904
8728190
8728347
8728721
8728767
8728776
8728804
8728822
8729023
8729120
8729189
8729252
8729338
8729396
8729799
8729960
8730039
8730089
8730120
8730229
8730290
8730388
8730579
8730699
8730734
8730758
8730799
8730832
8730863
8730896
8730917
8730926
8730932
8731016
8731025
8731034
8731043
8731145
8731236
8731263
8731277
8731317
8731366
8731391
8731447
8731527
8731663
8731693
8731727
8731787
8732007
8732079
8732106
8732196
8732335
8732354
8732377
8732404
8732424
8732489
8732522
8732568
8732574
8732737
8732828
8732944
8732977
8733147
8733165
8733445
8733469
8733512
8733529
8733621
8733639
8733714
8733772
8734128
8734294
8734467
8734496
8734545
8734932
8735095
8735127
8735247
8735468
8735648
8736120
8736159
8736385
8736419
8736520
8736856
8736925
8737121
8737150
8737246
8737255
8737533
8737579
8737628
8737672
8737689
8737744
8737754
8737760
8737969
8737987
8738027
8738119
8738196
8738210
8738539
8738561
8738588
8738717
8738797
8738806
8738834
8738932
8739220
8739265
8739332
8739551
8739614
8739662
8739670
8739683
8739879
8739972
8740012
8740197
8740215
8740224
8740892
8742247
8742308
8742331
8742380
8742504
8742528
8742969
8743100
8743165
8743287
8743416
8743574
8743661
8743702
8744006
8744196
8744227
8744242
8744322
8744346
8744418
8744906
8745278
8745382
8745870
8745994
8746001
8746465
8746768
8747129
8747359
8747918
8747993
8748068
8748079
8748181
8748189
8748195
8748225
8748245
8748255
8748264
8748274
8748280
8748304
8748451
8748528
8748545
8748554
8748568
8748600
8748619
8749126
8749343
8749480
8749536
8749632
8749906
8749986
8750024
8750097
8750177
8750212
8750251
8750433
8750455
8750510
8750633
8750744
8750826
8750888
8750965
8751060
8751232
8751270
8751346
8751443
8751473
8751520
8751766
8751772
8751800
8751847
8751888
8751904
8751955
8752085
8752386
8752546
8752589
8752837
8752903
8752979
8753347
8753401
8753417
8753463
8753497
8753600
8753904
8753969
8754219
8754234
8754266
8754291
8754357
8754440
8754495
8754540
8754554
8754609
8754652
8754761
8754791
8754833
8754844
8754857
8754939
8755007
8755198
8755320
8755429
8755438
8755453
8755462
8755475
8755517
8755534
8755588
8755603
8755654
8756056
8756067
8756094
8756157
8756172
8756184
8756219
8756235
8756349
8756481
8756497
8756547
8756568
8756574
8756780
8756800
8757111
8757216
8757400
8757461
8757513
8757528
8757544
8757594
8757653
8757672
8757712
8757768
8757872
8757918
8758007
8758032
8758208
8758225
8758308
8758408
8758689
8758778
8758804
8759004
8759052
8759097
8759134
8759187
8759209
8759237
8759253
8759455
8759570
8759671
8759823
8760180
8760423
8760430
8760753
8760814
8760994
8761147
8761319
8761442
8761482
8761525
8761621
8761657
8761676
8761868
8762157
8762194
8762219
8762340
8762537
8762593
8762909
8763065
8763352
8763405
8763592
8763867
8763925
8764053
8764076
8764187
8764339
8764406
8764546
8764628
8764984
8765183
8765268
8765301
8765321
8765427
8765475
8765485
8765525
8765553
8765593
8765647
8765654
8765701
8765861
8765917
8765958
8765993
8766079
8766157
8766194
8766264
8766336
8766481
8766517
8766829
8766877
8767142
8767562
8768764
8768948
8768997
8769068
8769171
8769322
8769513
8769555
8769562
8769617
8769832
8770058
8770123
8770196
8770351
8770441
8770552
8770673
8770731
8770950
8771022
8771078
8771196
8771210
8771291
8771697
8772007
8772073
8772165
8772245
8772625
8772646
8772762
8773031
8773703
8773848
8773858
8774023
8774107
8774176
8774377
8774619
8774731
8774781
8774794
8774812
8774823
8774873
8774880
8774905
8774922
8774936
8774947
8774958
8774970
8775017
8775034
8775058
8775068
8775080
8775090
8775152
8775159
8775208
8775214
8775260
8775272
8775279
8775325
8775433
8775439
8775481
8775487
8775499
8775529
8775564
8775571
8775704
8775765
8775775
8775826
8775970
8775992
8776000
8776114
8776393
8776418
8776785
8777488
8777670
8777679
8777690
8777706
8777731
8777769
8777777
8777791
8777809
8777821
8777833
8777854
8777919
8778010
8778123
8778294
8778323
8778360
8778393
8778594
8778634
8778811
8778860
8778911
8778930
8778999
8779060
8779076
8779091
8779275
8779498
8779549
8779643
8779662
8779685
8779736
8779754
8779827
8779884
8779905
8779918
8780141
8780147
8780183
8780205
8780257
8780342
8780359
8780392
8780423
8780527
8780581
8780594
8780629
8780779
8780800
8780819
8780892
8780941
8780985
8781003
8781023
8781035
8781044
8781056
8781081
8781169
8781211
8781326
8781496
8781507
8781628
8781698
8781722
8781821
8781925
8781936
8781953
8782173
8782243
8782262
8782309
8782363
8782376
8782411
8782515
8782596
8782602
8782754
8782801
8782828
8782836
8782930
8782983
8783044
8783166
8783314
8783389
8783396
8783493
8783617
8783982
8784077
8784177
8784553
8784867
8784874
8784967
8785114
8785258
8785311
8785378
8785750
8786006
8786016
8786232
8786278
8786619
8786927
8787241
8787276
8787650
8787746
8787754
8788269
8788363
8788373
8788421
8788517
8788657
8788794
8789452
8789628
8789701
8789931
8790222
8790450
8790604
8791051
8791361
8791859
8791893
8792235
8792275
8792304
8792334
8792373
8792509
8792541
8793072
8793225
8793372
8793381
8793546
8793618
8793778
8793814
8793834
8793896
8794041
8794059
8794101
8794422
8794482
8794671
8794717
8794734
8794900
8795054
8795277
8796245
8796288
8796310
8796316
8796399
8796510
8796534
8796626
8796632
8796747
8796770
8796928
8796994
8797140
8797316
8797340
8797360
8797413
8797648
8797727
8797753
8797786
8797921
8798350
8798361
8798681
8799097
8799119
8799490
8799497
8799512
8799617
8799630
8799801
8799828
8799977
8800057
8800158
8800171
8800188
8800346
8800772
8800942
8801032
8801254
8801449
8801572
8801664
8801846
8802206
8802240
8802312
8802330
8802504
8802670
8802986
8802993
8803012
8803165
8803184
8803405
8803584
8803810
8803890
8803917
8804209
8804268
8804362
8804506
8804529
8804591
8804647
8804709
8804733
8805034
8805101
8805266
8805531
8805561
8805579
8805591
8805931
8806035
8806130
8806343
8806381
8806404
8806479
8806752
8806854
8807434
8807476
8808136
8813153
8813546
8813676
8813785
8813881
8813918
8813924
8813938
8814045
8814102
8814570
8814656
8814830
8815016
8815046
8815052
8815069
8815185
8815416
8815697
8816071
8816460
8816590
8816851
8816875
8816915
8816941
8817243
8817349
8817413
8817438
8817471
8818055
8818180
8818351
8818411
8818446
8818599
8818725
8818880
8819087
8819110
8819173
8819222
8819252
8819399
8819469
8819558
8819613
8819809
8819934
8819971
8820276
8820301
8820395
8820478
8820617
8820792
8820832
8820998
8821026
8821249
8821692
8821702
8821993
8822123
8822147
8822446
8823667
8823889
8823912
8824062
8824173
8824280
8824500
8824513
8824535
8824702
8824749
8824780
8825000
8825024
8825179
8825866
8826629
8828117
8828195
8828208
8828380
8828409
8828636
8828691
8828717
8828915
8828975
8829219
8829248
8829297
8829442
8829471
8829574
8829596
8829884
8829893
8829963
8830129
8830200
8830255
8830339
8830413
8830427
8830454
8830755
8830876
8830907
8831099
8831187
8831282
8831402
8831586
8831683
8831690
8831856
8831974
8832155
8832196
8832278
8832411
8832616
8832736
8832742
8832777
8832785
8832813
8832938
8833503
8833576
8833615
8833818
8833926
8834022
8834175
8834480
8834999
8835075
8835113
8835117
8835149
8835178
8835209
8835612
8835618
8835811
8835837
8835988
8836021
8836140
8836299
8836342
8836385
8836426
8836585
8836592
8836645
8836651
8836859
8837183
8837400
8837406
8837635
8837639
8837943
8838031
8838212
8838216
8838248
8838328
8838446
8838454
8838619
8838680
8838801
8838939
8838945
8839046
8839052
8839061
8839082
8839329
8839576
8839728
8839734
8839742
8839835
8840027
8840166
8840395
8840426
8840489
8840624
8840691
8840872
8840958
8841025
8841109
8841235
8841292
8841409
8841588
8841670
8841824
8841843
8841937
8841966
8841994
8842020
8842115
8842256
8842262
8842421
8842435
8842506
8842619
8842665
8842669
8842675
8842699
8842824
8842856
8843225
8843306
8843709
8843882
8844082
8844321
8844379
8844385
8844417
8844614
8844618
8844669
8844775
8844796
8844804
8844809
8844854
8844858
8844890
8845026
8845030
8845036
8845264
8845326
8845518
8845682
8845771
8845886
8846051
8846121
8846197
8846305
8846329
8846335
8846441
8846757
8846761
8846894
8846900
8846944
8847070
8847272
8847307
8847311
8847386
8847392
8847565
8847582
8847597
8847685
8847764
8847790
8847883
8847930
8847954
8848035
8848130
8848200
8848244
8848316
8848359
8848375
8848379
8848385
8848429
8848435
8848439
8848451
8848457
8848465
8848472
8848505
8848547
8848553
8848590
8848596
8848699
8848703
8848708
8848746
8848895
8848997
8849105
8849118
8849153
8849165
8849173
8849252
8849296
8849302
8849314
8849375
8849404
8849416
8849420
8849443
8849472
8849537
8849543
8849549
8849628
8849640
8849646
8849687
8849693
8849761
8849776
8849814
8849829
8849834
8849840
8849872
8850028
8850087
8850192
8850236
8850312
8850393
8850415
8850419
8850466
8850484
8850508
8850545
8850608
8850720
8850773
8850819
8850868
8851088
8851155
8851201
8851376
8851454
8851703
8851756
8851794
8851959
8852093
8852228
8852690
8852696
8852835
8852936
8853092
8853289
8853646
8853675
8853681
8853699
8853757
8853800
8853863
8853985
8853991
8854051
8854098
8854129
8854135
8854141
8854231
8854272
8854324
8854344
8854386
8854429
8854436
8854464
8854658
8854783
8854861
8855579
8855603
8855925
8855931
8855960
8855975
8855993
8856190
8856273
8856298
8856522
8856528
8856587
8856593
8856634
8856669
8856692
8856698
8856824
8856873
8856976
8857038
8857117
8857193
8857216
8857793
8857840
8857972
8858085
8858364
8858714
8858876
8858924
8858930
8859348
8859977
8860008
8860050
8860343
8860669
8860696
8860702
8860866
8860889
8860893
8860964
8860970
8861102
8861250
8861496
8861661
8861667
8861838
8862033
8862063
8862212
8862249
8862318
8862332
8862336
8862467
8862473
8862480
8862525
8862615
8862832
8862876
8863025
8863049
8863055
8863142
8863393
8863836
8863872
8863971
8864081
8864087
8864093
8864097
8864250
8864286
8864403
8864538
8864661
8864667
8864674
8864708
8864769
8864879
8864943
8864949
8864999
8865046
8865052
8865076
8865143
8865170
8865352
8865417
8865570
8865922
8866301
8866308
8866570
8866830
8866922
8866929
8866933
8867206
8867528
8867535
8867541
8867641
8867880
8868051
8868297
8868393
8868491
8868513
8868751
8868764
8868770
8868799
8869026
8869210
8869214
8869232
8869320
8869370
8869498
8869633
8870504
8870511
8870518
8870682
8870689
8870697
8871494
8871655
8871766
8871772
8871816
8871827
8871848
8871918
8871969
8871973
8872040
8872086
8872092
8872177
8872342
8872375
8872403
8872440
8872506
8872619
8872625
8872690
8872743
8872776
8872790
8872821
8872827
8872850
8872864
8872914
8872956
8873004
8873010
8873188
8873208
8873281
8873297
8873320
8873339
8873368
8873389
8873436
8873508
8873512
8873518
8873557
8873588
8873595
8873619
8873658
8873664
8873706
8873731
8873746
8873804
8873813
8873817
8873833
8873866
8873953
8873972
8874016
8874032
8874067
8874078
8874091
8874122
8874126
8874142
8874175
8874197
8874247
8874297
8874303
8874412
8874424
8874441
8874447
8874455
8874461
8874472
8874493
8874509
8874521
8874527
8874548
8874573
8874597
8874606
8874628
8874641
8874656
8874673
8874770
8874792
8874803
8874830
8874840
8874846
8874850
8874860
8874878
8874896
8874908
8874912
8874974
8875000
8875036
8875048
8875397
8876489
8876493
8876515
8876519
8876633
8876643
8876647
8876654
8876660
8876667
8876693
8876736
8876763
8876816
8876826
8876844
8876909
8876919
8876923
8876937
8876943
8876949
8877041
8877047
8877081
8877097
8877134
8877138
8877155
8877172
8877255
8877287
8877293
8877323
8877333
8877337
8877356
8877439
8877466
8877534
8877546
8877568
8877599
8877605
8877644
8877669
8877673
8877722
8877733
8877737
8877743
8877757
8877763
8877769
8877773
8877860
8877894
8878264
8878270
8878397
8878464
8878502
8878580
8878651
8878704
8878741
8878844
8878852
8878885
8878973
8879010
8879015
8879061
8879104
8879154
8879256
8879279
8879286
8879334
8879361
8879413
8879510
8879516
8879539
8879551
8879630
8879648
8879697
8879703
8879721
8879779
8879785
8879797
8879832
8879883
8880041
8880047
8880095
8880224
8880230
8880248
8880272
8880339
8880345
8880423
8880448
8880459
8880465
8880494
8880718
8880724
8880793
8880856
8880872
8881007
8881076
8881136
8881183
8881189
8881232
8881238
8881284
8881303
8881368
8881374
8881401
8881407
8881417
8881463
8881470
8881476
8881557
8881751
8881784
8881826
8881847
8881894
8881900
8881960
8881984
8882080
8882098
8882127
8882214
8882321
8882325
8882379
8882477
8882577
8882592
8882598
8882632
8882651
8882755
8883299
8883322
8883356
8883442
8883477
8883481
8883652
8883814
8883856
8883937
8883970
8883994
8884008
8884197
8884201
8884259
8884274
8884280
8884452
8884458
8884483
8884522
8884527
8884558
8884668
8884852
8884858
8884894
8885231
8885308
8885333
8885484
8885634
8885695
8885768
8886120
8886414
8886669
8886681
8886912
8887207
8887258
8887284
8887290
8887984
8887990
8888003
8888159
8888271
8888277
8888331
8888338
8888472
8888533
8888559
8888651
8888783
8888877
8889197
8889203
8889250
8889303
8889309
8889468
8889473
8889480
8889583
8889590
8889713
8889843
8889883
8889993
8890089
8890108
8890131
8890192
8890326
8890332
8890415
8890427
8890522
8890580
8890659
8890691
8890872
8891101
8891111
8891117
8891156
8891241
8891403
8891407
8891440
8891462
8891466
8891628
8891634
8891684
8891752
8891835
8891846
8891864
8891889
8891916
8891939
8891963
8891969
8891975
8891995
8892048
8892063
8892140
8892155
8892166
8892198
8892263
8892349
8892353
8892437
8892523
8892566
8892598
8892604
8892649
8892867
8892908
8892977
8893028
8893057
8893067
8893096
8893156
8893162
8893252
8893287
8893330
8893454
8893460
8893480
8893496
8893503
8893596
8893626
8893647
8893653
8893659
8893665
8893669
8893677
8893683
8893689
8893761
8893770
8893774
8893779
8893787
8893831
8893841
8893859
8893880
8893886
8893897
8893916
8893939
8893961
8893977
8893981
8894007
8894022
8894034
8894083
8894094
8894114
8894146
8894168
8894181
8894219
8894244
8894261
8894267
8894271
8894334
8894338
8894381
8894410
8894422
8894436
8894527
8894561
8894585
8894659
8894668
8894680
8894691
8894776
8894798
8894802
8894880
8894894
8894913
8894953
8895016
8895025
8895249
8895272
8895330
8895334
8895398
8895456
8895500
8895504
8895509
8895532
8895712
8895786
8895851
8896128
8896192
8896446
8896586
8896614
8896746
8896794
8896889
8897104
8897124
8897145
8897252
8897259
8897265
8897309
8897369
8897729
8897735
8897815
8897836
8897865
8897871
8897877
8897987
8899575
8899705
8899732
8899775
8899839
8899871
8899917
8900010
8900067
8900202
8900207
8900327
8900368
8900380
8900386
8900608
8900653
8900779
8900905
8900973
8901208
8901402
8901442
8901447
8901570
8901578
8901778
8901848
8902221
8902560
8902564
8902659
8902753
8902776
8902924
8903001
8903063
8903232
8903300
8903405
8903436
8903462
8903515
8903608
8903794
8903930
8903983
8904021
8904174
8904379
8904448
8904723
8904800
8904806
8904901
8905000
8905114
8905120
8906037
8906097
8906101
8906272
8906444
8906634
8906662
8906832
8907415
8907421
8907427
8907463
8907620
8907748
8907752
8907991
8907996
8908044
8908084
8908188
8908234
8908289
8908294
8908361
8908559
8908565
8908842
8908920
8909107
8909139
8909250
8909316
8909353
8909388
8909522
8909550
8909602
8909828
8909861
8910261
8910315
8910350
8910473
8910698
8910777
8910937
8910943
8911178
8911184
8911190
8911301
8911307
8911350
8911356
8911421
8911465
8911496
8911554
8911784
8911884
8911960
8911966
8911992
8912057
8912063
8912313
8912320
8912420
8912475
8912520
8912571
8912734
8912858
8913030
8913035
8913127
8913423
8913446
8913452
8913458
8913543
8913564
8913677
8913683
8913874
8913878
8914061
8914105
8914109
8914210
8914271
8914278
8914704
8914787
8914808
8914861
8914997
8915017
8915023
8915123
8915269
8915370
8915407
8915413
8915444
8915625
8915685
8915696
8915906
8915991
8916359
8916433
8916439
8916522
8916540
8916782
8916789
8916815
8916844
8916930
8916936
8916957
8917010
8917024
8917115
8917191
8917227
8917272
8917321
8917373
8917487
8917534
8917647
8917663
8917730
8918038
8918061
8918147
8918190
8918472
8918616
8918832
8918900
8918998
8919130
8919142
8919380
8919489
8919505
8919531
8919628
8919914
8920146
8920277
8920573
8920597
8920834
8921135
8921275
8921382
8921630
8921695
8921735
8922271
8922434
8922735
8922865
8922974
8923074
8923698
8924104
8925070
8925075
8925245
8925251
8925258
8925483
8925535
8925630
8925787
8925908
8926002
8926096
8926456
8926538
8926585
8926720
8926753
8926774
8926780
8926784
8926870
8926939
8926999
8927005
8927037
8927153
8927301
8927667
8927679
8927748
8927785
8927956
8928022
8928110
8928173
8928309
8928327
8928378
8928416
8928578
8928595
8928612
8928918
8929079
8929084
8929162
8929173
8929227
8929255
8929289
8929308
8929360
8929528
8929622
8930081
8930090
8930134
8930148
8930174
8930238
8930359
8930394
8930529
8930598
8930645
8930658
8930773
8930872
8930899
8930918
8930965
8931050
8931056
8931062
8931116
8931130
8931213
8931279
8931306
8931377
8931425
8931501
8931622
8931641
8931711
8931821
8931846
8931887
8932043
8932088
8932125
8932158
8932235
8932241
8932250
8932263
8932271
8932297
8932351
8932376
8932382
8932392
8932411
8932493
8932527
8932658
8932826
8932929
8932940
8933089
8933179
8933216
8933310
8933388
8933408
8933630
8933696
8933727
8933801
8933823
8933829
8933858
8933886
8934094
8934125
8934342
8934429
8934514
8934603
8934637
8934724
8934790
8934813
8934910
8934996
8935003
8935225
8935248
8935314
8935439
8936409
8936615
8936891
8936941
8937103
8937186
8937372
8937402
8937553
8937683
8937700
8937719
8937765
8937855
8937887
8938233
8938654
8939023
8939296
8939391
8939626
8939895
8939941
8940196
8940310
8940745
8940838
8941208
8941316
8941327
8941406
8941455
8941597
8941608
8941645
8941845
8941924
8941944
8941978
8942049
8942181
8942381
8942501
8942546
8942568
8942611
8942757
8942792
8942843
8942876
8942974
8943050
8943138
8943157
8943179
8943197
8943211
8943323
8943437
8943468
8943519
8943667
8943795
8943940
8944035
8944098
8944211
8944306
8944475
8944599
8945800
8945820
8946076
8946220
8946229
8946559
8946578
8946586
8946713
8946880
8947084
8947154
8947176
8947283
8947474
8947589
8947640
8948062
8948079
8948420
8948449
8948590
8948616
8948790
8949100
8949151
8949310
8949544
8950008
8950058
8950093
8950111
8950259
8950434
8950635
8952646
8952731
8952936
8953032
8953297
8953374
8953563
8953579
8954394
8955030
8955121
8955217
8955381
8955532
8955552
8955942
8956460
8956546
8956590
8956678
8956919
8956987
8957162
8957298
8957436
8957535
8957780
8957833
8957979
8958041
8958356
8958409
8958759
8959291
8959743
8959787
8960152
8960273
8960344
8960530
8960558
8961420
8961622
8962106
8962129
8962233
8962376
8962438
8962463
8962474
8962622
8963390
8963856
8964344
8964580
8965146
8965717
8965758
8965822
8965972
8966134
8966416
8966546
8966980
8967307
8967319
8967955
8967991
8968225
8968389
8968688
8968768
8969782
8969812
8970046
8970081
8970374
8970407
8970629
8970670
8971138
8971149
8971284
8971372
8971502
8971676
8971924
8972625
8972683
8972813
8972929
8973280
8973305
8973315
8973329
8973358
8973405
8973429
8973858
8973881
8974030
8974110
8974296
8974468
8974625
8974833
8974914
8975125
8975332
8975421
8975647
8977148
8979139
8980575
8980875
8981012
8981242
8981355
8981428
8981444
8981571
8981641
8981679
8981717
8981731
8981745
8981757
8981769
8981814
8981833
8981899
8981931
8981937
8981943
8981957
8981968
8981985
8982011
8982026
8982033
8982043
8982065
8982138
8982166
8982210
8982243
8982271
8982338
8982368
8982427
8982441
8982568
8982586
8982596
8982624
8982653
8982742
8982751
8982789
8982805
8982885
8982900
8983005
8983013
8983038
8983101
8983127
8983135
8983142
8983150
8983269
8983278
8983304
8983312
8983327
8983347
8983381
8983403
8983435
8983487
8983598
8983782
8984001
8984081
8984268
8984312
8984354
8984372
8984426
8984437
8984634
8984651
8984668
8984740
8984750
8984781
8984799
8984860
8984894
8984973
8985052
8985084
8985112
8985183
8985219
8985244
8985329
8985362
8985377
8985422
8985546
8985559
8985620
8985810
8985932
8985999
8986081
8986292
8986442
8986585
8986606
8986664
8987060
8987735
8987748
8987804
8987916
8987924
8988091
8988104
8988584
8988686
8989003
8989124
8989253
8989472
8989773
8989914
8990282
8990384
8990637
8990672
8990741
8990820
8990963
8991145
8991301
8991394
8991460
8991582
8991827
8991862
8991903
8992410
8992531
8992635
8992801
8992854
8993160
8993282
8993664
8993825
8993830
8994044
8994128
8994208
8994267
8994368
8994394
8994500
8994524
8994530
8994550
8994608
8994741
8994761
8994852
8995039
8995142
8995265
8995326
8995614
8996301
8996435
8996446
8996505
8996536
8996740
8997104
8997782
8997863
8998831
9000296
9000319
9000415
9000430
9000830
9001371
9001585
9001699
9001721
9001736
9001753
9001871
9002074
9002132
9002306
9002374
9002495
9002602
9002705
9003280
9003429
9003496
9003722
9003801
9003917
9004125
9004355
9004376
9004484
9004568
9004613
9004766
9004814
9005007
9005070
9005131
9005208
9005282
9005322
9005445
9005540
9005546
9005875
9006017
9006216
9006324
9006356
9006503
9006522
9006751
9007134
9007237
9007243
9007510
9007719
9007852
9008344
9008539
9008576
9008871
9009717
9010086
9010102
9010127
9010498
9011151
9011551
9011839
9012447
9014143
9014268
9014708
9015536
9015925
9016286
9017060
9018069
9018779
9019969
9020253
9020735
9020882
9021380
9021708
9022949
9026224
9026473
9026771
9028020
9028135
9028465
9029145
9029382
9029552
9029977
9030221
9030232
9030609
9030638
9030671
9030710
9030963
9031194
9031810
9032111
9032372
9032960
9033682
9033774
9034162
9034750
9034799
9034808
9035924
9035955
9036014
9036959
9036985
9037053
9037793
9037900
9038172
9039402
9039917
9039923
9040833
9041467
9041653
9042248
9043123
9043392
9043736
9044412
9044643
9044839
9045934
9046313
9046334
9046545
9047728
9047925
9048066
9048292
9049340
9049689
9050142
9050148
9051008
9051025
9051721
9051897
9054439
9054628
9054670
9055018
9055613
9056700
9056751
9056888
9057239
9057944
9059696
9060224
9060892
9061918
9061989
9062294
9062452
9063030
9063096
9063703
9064655
9065547
9066000
9066287
9067235
9068959
9068989
9069089
9069299
9069390
9069672
9069982
9070174
9070277
9070990
9071397
9071510
9071835
9071955
9072005
9072904
9073391
9073650
9074393
9074482
9074680
9074698
9074770
9075759
9075823
9076111
9078573
9078681
9078922
9079059
9079091
9079309
9079432
9079915
9080220
9080676
9080766
9080936
9081906
9082466
9083101
9083142
9084901
9085302
9086186
9086867
9087455
9087626
9088211
9088224
9088825
9088965
9089292
9089459
9089556
9090564
9091005
9092984
9094147
9094560
9094862
9094870
9094901
9094993
9095041
9095089
9095572
9095952
9096213
9096878
9097033
9097039
9097423
9097774
9100273
9101151
9101236
9101263
9101320
9101381
9102048
9102284
9102723
9102845
9103254
9103395
9103496
9103561
9103788
9104032
9105242
9105438
9105878
9106943
9107034
9107956
9108367
9108789
9109208
9109323
9109484
9109548
9109613
9109820
9110289
9110477
9110660
9111432
9112240
9112877
9113041
9114021
9114239
9114452
9114533
9114747
9115190
9115569
9115690
9115918
9116068
9116183
9116404
9116914
9117293
9118058
9118282
9118565
9120089
9120712
9120915
9122713
9123443
9123566
9123736
9124569
9124648
9125373
9125844
9126236
9126545
9126707
9126995
9127197
9127326
9127775
9127799
9128055
9128194
9128665
9129240
9129416
9129508
9129621
9130179
9130759
9131689
9131787
9132730
9133166
9133264
9133585
9133818
9134783
9137832
9138102
9139944
9140031
9140606
9140760
9141434
9141476
9141545
9142050
9142609
9142738
9143123
9143533
9143772
9144160
9144551
9144690
9144798
9145076
9145780
9145818
9145930
9145997
9147041
9149708
9150288
9150371
9150791
9150936
9150965
9151559
9151881
9152032
9153190
9153386
9154093
9154761
9155295
9155306
9155431
9156262
9156811
9156955
9157204
9157231
9157363
9157500
9157705
9158718
9159080
9159322
9159985
9160647
9162372
9162828
9162845
9164516
9166011
9166171
9166200
9168417
9168892
9169698
9169888
9169915
9170094
9170363
9170866
9171043
9171050
9171555
9171834
9171894
9172043
9172054
9172444
9172828
9175244
9175554
9176045
9176267
9176366
9176455
9176466
9176632
9177008
9177594
9177630
9177701
9178417
9180879
9180969
9182540
9182752
9182997
9183029
9183334
9183570
9183659
9183847
9187094
9187212
9187244
9188941
9189480
9189765
9189815
9189841
9189942
9190223
9190508
9190891
9191009
9191258
9191299
9191579
9191599
9191822
9192210
9193293
9193446
9193494
9193745
9193786
9194036
9195582
9195679
9196139
9196263
9196554
9197050
9197324
9197369
9197575
9197707
9197975
9198037
9198145
9198661
9199113
9199628
9199831
9200145
9201286
9202221
9202433
9202731
9202825
9203132
9203213
9203278
9204086
9205475
9206041
9206051
9206367
9206436
9206592
9206957
9208230
9208494
9208566
9209015
9209640
9210158
9211916
9212272
9212678
9212859
9213165
9213244
9213260
9213323
9213497
9213512
9213879
9214376
9214470
9214488
9214950
9215170
9215334
9215642
9215756
9217205
9217444
9217660
9217703
9217882
9220153
9220895
9221323
9221791
9221814
9221906
9222139
9222276
9222505
9222580
9222719
9222811
9222898
9223009
9223231
9223886
9224689
9225335
9226133
9227563
9227959
9228138
9228933
9229127
9229256
9229650
9230043
9231093
9231179
9231577
9231692
9231741
9232441
9232550
9232678
9232788
9232871
9234020
9234659
9234917
9235343
9235681
9236079
9236177
9236247
9236426
9236552
9236576
9236837
9238132
9238226
9238344
9238352
9238361
9238368
9238385
9238407
9238415
9238430
9238444
9238460
9238483
9238491
9238576
9238606
9238618
9238633
9238663
9238669
9238688
9238704
9238712
9238720
9238726
9238749
9238764
9238779
9238797
9238805
9238812
9238832
9238852
9238863
9238894
9238923
9238957
9238970
9238976
9239001
9239009
9239045
9239055
9239073
9239089
9239099
9239108
9239118
9239153
9239161
9239179
9239200
9239209
9239226
9239243
9239268
9239294
9239314
9239326
9239355
9239367
9239377
9239393
9239402
9239408
9239429
9239436
9239454
9239472
9239483
9239494
9239515
9239540
9239563
9239574
9239598
9239607
9239614
9239620
9239659
9239678
9239712
9239752
9239773
9239779
9239794
9239819
9239850
9239857
9239864
9239894
9239911
9239932
9239939
9239953
9239987
9240012
9240041
9240047
9240060
9240070
9240084
9240128
9240136
9240166
9240179
9240207
9240221
9240348
9240384
9240391
9240406
9240448
9240581
9240636
9240687
9240711
9240726
9240734
9240761
9240800
9240838
9240856
9240863
9240876
9240923
9240944
9240979
9241020
9241077
9241124
9241131
9241166
9241190
9241214
9241293
9241306
9241436
9241610
9241626
9241667
9241700
9241721
9241798
9241885
9241893
9241972
9241989
9242038
9242072
9242085
9242107
9242155
9242173
9242247
9242320
9242331
9242376
9242400
9242431
9242439
9242468
9242497
9242598
9242607
9242638
9242673
9242712
9242770
9242779
9242892
9242909
9242997
9243028
9243119
9243158
9243245
9243262
9243342
9243397
9243622
9243632
9243638
9243725
9243732
9243769
9243825
9243902
9243929
9243975
9244158
9244218
9244247
9244352
9244499
9244577
9244645
9244654
9244675
9244681
9244690
9245013
9245186
9245248
9245412
9245458
9245626
9245739
9245966
9246027
9246072
9246167
9246294
9246316
9246391
9246525
9246544
9246618
9246741
9246792
9247035
9247110
9247142
9247282
9247310
9247469
9247512
9247557
9247610
9247684
9247754
9248041
9248116
9248122
9248164
9248343
9248483
9248509
9248622
9248633
9248822
9248876
9248981
9249019
9249043
9249063
9249256
9249297
9249363
9249502
9249610
9249700
9249869
9249920
9249977
9250028
9250036
9250128
9250207
9250249
9250315
9250655
9250829
9251041
9251064
9251086
9251293
9251329
9251342
9251586
9251651
9252191
9252636
9252813
9252867
9252971
9253146
9253234
9253251
9253281
9253323
9253402
9253541
9253599
9253619
9253741
9253928
9253934
9254028
9254083
9254117
9254265
9254403
9254516
9254755
9254870
9254888
9254977
9255088
9255170
9255200
9255252
9255278
9255467
9255493
9255550
9255632
9255819
9255954
9256059
9256254
9256325
9256581
9256587
9256735
9256878
9257012
9257211
9257233
9257306
9257378
9257440
9257473
9257631
9257721
9257763
9257799
9257867
9257873
9257907
9257913
9258044
9258343
9258349
9258666
9259151
9259283
9259513
9259579
9261031
9261348
9261485
9261783
9261887
9261918
9262040
9262085
9262097
9262111
9262131
9262214
9262282
9262308
9262347
9262488
9262563
9262680
9263210
9263690
9264065
9264105
9264170
9264223
9264272
9264304
9264679
9264959
9264997
9265134
9265142
9265409
9265472
9265549
9265707
9265736
9265987
9266080
9266099
9266146
9266258
9266392
9266415
9266427
9266561
9266653
9266694
9266718
9266877
9266972
9267117
9267134
9267422
9267449
9267656
9267715
9268076
9268232
9268345
9268574
9268580
9268644
9268950
9269412
9269457
9269525
9269631
9269685
9269780
9269846
9269853
9269900
9270009
9270035
9270071
9270089
9270429
9270739
9270758
9270931
9271016
9271022
9271097
9271150
9271236
9271417
9271471
9271693
9271703
9271828
9271850
9271922
9271970
9271987
9272139
9272252
9272322
9272363
9272499
9272623
9272681
9272695
9272874
9272881
9272972
9273129
9273207
9273276
9273471
9273478
9273529
9273563
9273641
9273909
9273997
9274006
9274032
9274071
9274299
9274367
9274410
9274452
9274463
9274508
9274562
9274665
9275151
9275231
9275370
9275431
9275561
9275717
9275754
9275785
9275898
9275969
9275978
9276135
9276188
9276498
9276638
9276649
9276655
9276745
9276905
9277342
9277372
9278063
9278412
9278517
9278531
9278561
9278907
9278946
9279030
9279319
9279365
9279519
9279938
9279989
9280107
9280117
9280387
9280555
9280622
9281272
9282614
9282679
9282873
9282887
9283530
9285115
9285122
9285154
9285233
9285306
9285394
9285422
9285554
9285716
9285747
9285847
9286216
9286328
9286418
9286739
9286844
9286938
9287125
9287316
9287525
9287616
9287666
9287781
9287984
9288224
9288525
9288750
9288766
9288878
9288901
9289176
9289242
9289558
9289898
9290217
9290229
9290281
9290334
9290362
9290414
9290512
9290521
9290528
9290599
9290624
9290655
9290669
9290714
9290761
9290876
9290921
9290943
9290949
9290961
9291069
9291169
9291271
9291307
9291680
9291862
9291882
9291924
9292126
9292141
9292302
9292425
9292562
9292591
9293264
9293311
9293965
9293988
9294209
9294317
9294454
9294536
9294561
9294737
9294863
9295124
9295374
9295906
9295932
9296029
9296092
9296264
9296284
9296431
9296465
9296707
9296792
9296809
9296860
9297160
9297444
9297589
9297622
9298230
9298264
9298300
9298406
9298884
9299510
9299713
9299934
9300190
9300471
9300870
9300938
9301033
9301065
9301077
9301111
9301337
9301825
9302118
9302142
9302183
9304132
9304469
9304613
9304830
9305164
9305570
9305578
9305636
9305716
9305745
9305759
9305897
9306434
9306931
9307235
9307971
9308352
9309627
9310614
9311324
9311626
9311803
9312363
9312528
9312566
9312616
9312650
9312689
9313159
9313204
9314100
9314279
9314396
9314652
9314721
9314868
9315248
9315292
9315487
9315652
9315772
9315844
9315871
9316573
9316825
9317359
9317780
9317799
9318057
9318298
9318670
9319035
9319490
9319871
9320614
9320633
9322125
9322233
9323400
9323639
9323852
9323908
9324908
9325174
9325483
9326133
9326576
9327200
9327499
9327906
9328290
9328830
9329292
9329382
9329802
9329880
9330349
9330595
9330718
9331298
9331624
9331975
9332225
9333068
9333158
9333679
9336226
9336398
9336452
9336807
9336964
9337128
9337148
9337441
9337449
9337612
9337907
9337926
9338009
9338125
9338317
9338364
9338463
9339011
9339174
9339233
9339258
9339319
9339361
9339439
9339556
9339809
9340112
9340147
9340243
9340249
9340311
9340475
9340637
9340759
9340774
9340791
9340843
9340913
9340936
9341031
9341037
9341209
9341251
9341259
9341272
9341292
9341367
9341413
9341469
9342115
9342157
9342264
9342500
9342530
9342738
9342768
9342869
9342930
9342967
9343204
9343295
9343306
9343484
9343736
9343906
9344036
9344088
9344130
9344153
9344247
9344254
9344395
9344571
9344577
9344846
9344929
9344940
9344950
9345013
9345140
9345230
9345337
9345381
9345408
9345946
9346078
9346183
9346227
9346352
9346362
9346435
9346453
9346706
9347006
9347022
9347028
9347117
9347198
9347216
9347322
9347384
9347391
9347507
9347719
9347780
9347787
9348142
9348297
9348322
9348345
9348374
9348438
9348458
9348512
9348521
9348710
9348839
9348850
9348869
9349000
9349071
9349079
9349181
9349203
9349256
9349282
9349544
9349581
9349622
9349677
9349789
9349955
9350069
9350129
9350144
9350224
9350504
9350703
9350709
9350741
9350784
9350851
9350935
9352155
9352788
9352826
9352865
9352983
9352992
9353193
9353215
9353678
9353808
9353883
9353934
9354173
9354415
9354493
9354678
9354719
9354732
9354840
9354911
9355002
9355061
9355081
9355548
9355643
9355776
9355799
9356284
9356443
9356612
9356862
9357088
9357239
9357317
9357514
9357679
9357733
9357840
9357899
9358035
9358047
9358270
9358644
9358700
9358707
9358943
9359007
9359110
9359211
9359348
9359398
9359520
9359567
9359745
9359762
9359992
9360350
9360505
9360659
9360669
9360735
9360770
9360929
9361354
9361378
9361805
9361854
9362253
9362341
9362489
9362558
9362608
9362620
9362635
9362708
9362727
9362870
9363311
9363667
9364282
9364496
9364588
9364805
9364848
9365128
9366331
9366375
9366761
9366883
9366962
9367106
9367128
9367262
9367286
9367492
9367603
9367699
9367765
9367803
9368077
9368097
9368134
9368503
9368711
9368935
9369126
9369198
9369267
9369811
9369913
9369971
9370111
9370268
9370276
9370418
9370610
9370635
9370865
9370993
9371065
9371182
9371567
9371595
9371671
9371792
9371841
9371905
9371919
9371956
9372192
9372295
9372350
9372448
9372454
9372649
9372759
9372918
9372985
9373331
9373406
9373458
9373493
9373548
9373576
9373602
9373731
9373793
9373920
9374243
9374477
9374602
9374688
9374713
9374756
9374783
9374953
9375011
9375144
9375379
9375449
9375497
9375737
9375867
9375999
9376364
9376427
9376564
9377485
9377646
9377866
9377906
9378000
9378127
9378529
9378759
9379373
9379592
9379737
9379945
9380255
9380430
9380443
9380594
9380934
9381074
9381080
9381284
9381320
9381476
9381553
9381658
9381958
9382341
9382413
9382823
9383465
9383861
9385673
9386093
9386197
9386250
9386548
9386930
9387052
9387498
9387813
9388032
9388091
9388302
9388338
9388437
9388672
9388693
9388728
9388735
9388844
9388931
9388979
9389009
9389267
9389546
9389677
9389698
9389883
9390111
9390232
9390241
9390382
9390718
9391120
9391237
9391283
9391358
9391376
9391641
9391658
9391688
9391696
9391727
9391744
9391761
9391818
9391846
9391906
9391959
9392110
9392177
9392341
9392418
9392426
9392448
9392559
9392613
9392805
9392861
9392881
9392943
9392996
9393011
9393029
9393153
9393351
9393419
9393458
9393490
9393521
9393583
9393689
9393780
9393825
9393834
9393862
9393927
9393952
9394309
9394381
9394489
9394613
9394661
9394736
9394957
9394964
9395036
9395053
9395085
9395253
9395260
9395274
9395325
9395373
9395745
9395827
9395917
9396031
9396051
9396313
9396347
9396355
9396418
9396441
9396486
9396728
9396866
9396903
9397118
9397373
9397573
9397863
9397900
9398183
9398479
9398731
9398903
9398983
9399092
9399127
9399514
9400042
9400198
9400266
9400546
9401656
9401815
9401825
9401900
9401912
9402336
9402506
9402551
9402559
9402829
9403313
9403409
9403903
9403994
9404052
9404276
9404319
9404378
9404639
9404652
9404853
9405386
9405431
9405923
9406068
9406248
9406375
9406471
9407186
9407421
9408324
9408403
9408697
9408788
9409657
9410315
9411051
9411058
9411157
9411567
9411651
9411659
9411775
9412361
9412709
9412825
9413069
9413658
9413731
9413756
9414361
9414445
9414473
9414715
9414924
9414963
9415528
9415558
9415757
9416109
9416338
9416386
9416506
9417042
9417394
9417643
9417717
9417859
9417953
9418165
9418279
9418601
9418789
9419002
9419084
9419878
9420090
9420252
9420594
9420728
9420985
9421521
9422010
9422308
9422397
9422624
9422769
9423229
9423451
9423715
9424262
9425151
9425407
9425622
9425803
9426807
9426977
9427273
9427708
9429421
9430014
9430248
9430404
9430514
9430535
9430685
9430963
9431003
9431079
9431632
9431848
9432000
9432442
9432454
9433406
9433660
9433778
9433889
9433916
9433922
9434014
9434061
9436768
9436797
9437158
9437322
9437489
9437708
9437897
9437918
9438088
9438314
9438462
9438494
9438707
9438873
9438919
9439028
9439111
9439124
9439159
9439914
9440161
9440304
9440376
9440430
9440550
9440561
9440640
9441379
9441913
9442154
9442198
9442213
9442373
9442406
9442547
9442557
9442566
9442578
9442640
9442722
9442865
9442873
9442946
9443140
9443190
9443311
9443326
9443371
9443536
9443683
9443697
9443809
9443826
9443865
9443948
9444064
9444198
9444227
9444292
9444503
9444562
9444732
9444880
9444920
9445037
9445084
9445132
9445174
9445199
9445256
9445263
9445269
9445292
9445312
9445345
9445383
9445485
9445502
9445571
9445693
9445755
9445761
9445792
9445911
9445922
9445952
9445976
9446115
9446136
9446179
9446266
9446318
9446366
9446372
9446642
9446792
9446801
9446930
9446974
9447009
9447025
9447174
9447319
9447375
9447404
9447582
9447619
9447753
9447852
9447975
9448008
9448088
9448102
9448375
9448395
9448461
9448469
9448614
9448624
9448661
9448762
9448872
9448916
9449022
9449292
9449333
9449340
9449383
9449520
9449562
9449639
9449691
9450071
9450294
9450561
9450618
9450768
9450788
9451248
9451611
9451777
9452195
9452202
9452248
9452259
9452434
9452467
9452636
9453597
9454131
9454545
9454565
9454871
9455098
9455766
9456142
9456359
9456547
9456647
9456661
9456777
9456824
9456863
9457326
9457353
9457431
9457506
9457614
9457884
9457932
9457938
9457983
9458053
9458177
9458227
9458288
9458349
9458395
9458440
9458543
9458629
9458697
9458700
9458706
9458715
9458718
9458721
9458724
9458827
9458892
9458988
9459001
9459032
9459039
9459045
9459050