14824332
14824676
14828674
14832718
14834702
14834779
14835410
14836041
14836206
14836562
14836967
14837431
14840694
14841620
14846487
14847205
14847474
14849106
14849330
14849440
14849618
14850013
14850170
14850192
14851627
14852410
14852871
14853006
14853294
14853682
14853948
14854017
14855642
14856827
14856972
14857538
14858260
14858312
14858438
14858588
14863859
14863911
14870047
14870443
14871028
14871221
14873019
14874200
14875166
14878312
14879953
14880095
14881341
14883633
14885975
14886557
14887300
14887677
14890537
14890796
14891347
14891664
14893085
14893635
14894597
14894676
14896656
14898784
14899631
14905085
14905158
14905212
14906785
14917825
14918809
14919547
14919819
14921237
14921653
14921961
14924120
14924806
14927124
14927554
14928884
14935139
14938681
14940782
14940876
14944449
14944797
14946994
14949095
14958312
14958652
14959889
14959907
14959970
14961796
14963680
14964540
14968645
14971298
14976584
14978673
14980381
14986363
14988570
14990047
14991402
14997113
14999318
14999469
15000813
15010163
15012336
15012627
15013086
15014039
15014701
15015790
15017084
15017535
15017615
15018155
15018808
15018970
15019457
15019748
15019892
15020781
15020943
15021267
15021606
15022183
15022231
15022706
15023216
15023506
15023659
15024012
15024365
15024397
15024943
15026291
15027123
15027622
15027844
15027995
15028252
15028325
15028563
15028826
15028849
15028868
15029023
15029081
15029129
15029626
15029667
15030052
15030104
15036310
15036362
15037056
15038168
15038394
15039314
15039713
15040153
15040313
15040824
15041152
15041759
15042013
15042301
15042486
15042540
15043172
15043420
15043542
15043973
15044911
15045048
15045054
15045131
15045500
15046030
15047026
15047455
15047519
15047672
15047818
15048095
15049285
15049518
15049590
15050177
15050196
15050212
15050273
15050487
15050532
15050658
15051435
15055940
15056319
15057785
15058478
15058491
15058612
15058651
15059636
15059663
15060433
15060600
15060681
15060707
15060842
15061207
15061290
15062084
15062256
15062316
15062369
15062936
15063479
15063675
15063956
15063979
15064307
15064595
15065122
15065600
15066181
15066469
15066647
15067451
15068008
15068057
15068714
15068790
15068802
15069975
15069986
15070040
15070813
15070853
15070890
15071104
15071300
15071630
15071770
15071819
15078521
15078591
15079200
15080123
15080213
15080416
15080471
15080600
15081120
15081336
15081430
15081470
15081818
15081942
15082316
15083050
15083065
15083617
15084481
15085241
15085260
15085453
15085846
15087279
15088535
15089126
15089982
15090777
15091601
15091811
15091915
15092548
15092728
15093155
15096549
15096623
15096763
15096850
15098232
15098888
15099108
15099356
15099666
15099748
15100796
15101207
15101406
15101667
15101678
15101773
15102114
15102758
15102911
15103787
15104153
15104241
15105494
15105544
15105601
15105959
15107620
15109762
15110228
15110601
15111232
15112529
15112591
15112882
15113819
15114081
15114219
15114508
15114571
15114615
15114633
15115810
15116043
15116358
15116846
15117117
15117725
15118158
15118185
15118521
15118684
15120263
15120440
15121498
15121940
15122257
15122444
15123019
15124567
15124737
15125091
15126594
15126605
15126629
15131050
15135074
15135208
15135337
15136257
15136370
15137081
15138902
15139173
15139298
15139346
15140290
15140604
15140768
15141415
15141462
15141499
15141611
15141729
15142124
15143389
15144625
15145730
15145895
15146275
15146292
15146340
15146398
15149154
15151047
15151114
15152906
15153039
15153250
15153727
15153912
15153992
15154350
15154465
15154484
15154547
15154747
15155249
15156040
15156413
15156576
15156634
15157194
15157629
15157904
15158353
15160288
15161180
15161302
15162132
15162218
15162867
15163076
15163282
15163604
15163631
15164202
15167887
15168217
15168480
15168545
15169369
15169597
15169726
15169831
15169936
15169963
15170019
15170454
15171692
15171834
15171937
15172651
15172833
15172940
15173016
15173034
15173054
15173072
15173537
15173815
15173899
15173938
15174293
15174513
15175028
15175446
15176532
15176818
15177287
15177728
15178725
15180154
15180767
15181081
15181359
15187538
15188498
15189013
15189061
15189268
15189526
15190270
15190314
15191066
15192271
15192389
15192613
15193269
15193451
15193619
15194113
15194297
15194709
15195058
15195643
15196502
15196534
15196588
15196848
15197339
15198338
15198469
15198666
15198843
15199127
15199292
15199641
15203426
15203834
15204156
15204427
15204805
15204904
15205715
15205766
15205997
15206226
15206936
15207040
15207249
15207835
15207855
15207875
15208129
15208412
15208741
15208786
15209208
15210162
15210407
15210700
15210821
15211963
15212047
15213864
15214462
15214475
15215494
15215612
15216334
15216474
15216486
15216681
15216918
15220132
15220985
15222170
15222670
15222694
15223556
15223609
15224419
15225083
15225262
15225861
15226222
15227622
15227635
15230343
15230680
15231642
15231674
15231991
15233057
15233067
15233153
15238398
15239315
15239515
15239840
15240105
15240442
15240797
15241580
15242550
15243077
15244578
15244783
15245855
15246549
15246694
15248242
15248787
15249283
15249849
15250239
15250295
15250363
15250571
15250699
15254176
15255828
15256068
15256243
15256378
15256702
15256762
15257020
15257322
15257598
15257940
15258241
15258610
15258684
15258794
15258861
15258988
15259229
15259636
15259726
15260351
15260747
15260799
15260863
15261529
15261574
15261656
15261687
15261822
15263593
15264386
15264493
15264963
15265692
15266019
15266189
15266264
15266638
15270984
15271000
15271318
15272268
15272608
15272962
15273571
15273630
15273933
15274175
15274363
15274583
15274861
15276413
15276536
15277165
15277358
15279241
15279356
15279639
15279919
15280181
15280231
15280371
15280400
15281104
15281866
15281902
15281936
15282635
15282993
15283377
15283657
15284354
15284388
15284750
15285068
15288999
15289124
15289703
15290188
15290657
15291254
15291396
15291676
15291737
15291820
15292368
15292783
15293314
15293840
15293980
15294212
15294310
15294418
15294708
15295937
15296003
15296214
15296303
15296738
15296932
15297039
15299211
15299581
15299941
15300640
15300718
15300917
15301345
15301648
15301838
15301844
15302128
15302490
15302632
15306103
15306801
15307177
15307577
15307691
15308252
15308275
15308672
15310113
15311068
15311268
15311278
15311551
15311898
15312060
15312225
15312349
15312389
15313210
15313492
15313571
15313660
15314239
15314403
15314496
15314845
15315388
15316173
15316646
15317257
15317264
15317555
15317742
15318127
15318281
15318584
15318667
15319020
15321391
15321703
15322377
15322518
15322781
15323456
15323626
15323869
15324618
15325569
15326262
15326568
15326654
15328113
15328343
15328752
15328843
15329335
15329967
15330650
15330713
15331220
15331739
15331841
15331861
15332079
15332348
15333406
15334351
15334837
15335062
15335233
15335259
15335603
15335964
15336207
15339839
15339905
15339912
15340092
15341231
15341806
15341814
15341848
15342709
15342719
15342807
15343175
15343964
15345385
15345918
15346210
15346348
15346580
15347441
15347492
15347598
15347749
15347846
15349908
15350891
15351273
15351788
15351833
15352037
15352608
15355938
15356229
15356786
15357072
15357284
15357334
15358051
15358104
15359627
15359660
15359700
15359736
15359831
15360521
15360535
15360821
15360888
15360951
15361117
15361599
15361692
15361835
15362564
15363099
15363251
15363408
15363424
15363670
15365012
15365357
15365864
15366516
15367110
15367377
15367509
15367669
15367826
15368323
15370447
15370891
15371037
15371326
15371454
15371496
15371765
15372644
15373143
15373556
15373805
15374032
15374342
15377757
15378734
15379640
15379948
15380564
15380698
15382831
15383136
15383195
15384245
15384516
15384906
15384939
15385665
15385789
15386292
15386687
15386888
15387155
15387583
15388657
15389188
15390094
15390389
15391358
15392595
15393242
15394450
15394855
15395396
15395530
15396748
15397057
15397344
15397627
15397676
15397789
15400254
15400911
15401234
15401643
15402301
15402392
15402810
15403308
15403762
15404321
15404509
15404723
15404831
15404868
15404958
15405238
15405294
15405721
15406341
15406505
15407298
15407749
15408392
15408637
15408995
15409144
15410181
15410644
15410773
15411301
15411504
15411734
15412058
15412170
15412226
15412304
15412377
15412554
15412856
15414552
15415304
15415931
15416577
15416909
15417128
15417514
15419022
15419212
15419356
15419663
15419873
15419911
15419991
15423145
15423383
15423413
15423578
15423683
15424624
15424873
15424881
15424957
15426451
15427058
15428123
15428436
15428879
15428930
15429214
15429317
15429747
15429946
15430500
15430601
15430853
15431090
15431291
15431544
15432903
15433315
15433726
15434195
15434675
15434815
15434882
15434980
15435002
15435885
15437502
15437948
15438040
15438101
15438629
15438891
15439087
15439383
15439894
15440361
15440458
15440823
15441453
15441832
15441881
15441949
15441961
15441982
15442532
15442840
15442851
15443150
15443395
15443519
15443528
15443537
15443753
15443949
15445210
15445422
15446063
15446945
15447977
15448101
15448724
15449280
15449430
15449568
15449642
15449676
15452380
15453643
15455034
15455140
15455287
15455876
15457080
15458410
15460540
15460559
15460654
15460927
15461222
15461645
15464511
15465060
15465181
15467490
15467650
15468358
15468985
15469016
15469107
15469260
15469426
15469917
15470768
15470896
15471150
15472167
15472311
15472553
15472662
15472682
15473216
15473252
15473323
15474430
15474640
15474682
15475712
15477275
15477820
15477855
15477874
15477959
15477968
15478009