15478136
15478473
15479879
15480180
15480398
15481211
15481441
15481532
15481959
15482905
15482930
15483703
15483887
15483958
15484124
15484328
15484587
15484603
15484840
15484882
15485854
15486620
15486676
15487350
15487357
15488369
15488708
15488865
15489458
15489922
15490423
15491395
15493135
15493463
15494817
15494863
15495105
15495201
15495435
15495533
15496110
15496222
15496583
15496597
15496733
15496886
15496931
15496967
15497399
15497801
15497823
15498061
15498077
15499215
15499594
15500843
15500952
15501022
15501143
15501564
15501864
15503147
15503564
15503673
15503728
15504201
15504542
15504563
15504622
15504954
15505235
15506497
15506509
15507074
15507226
15507342
15507907
15508139
15508279
15508290
15508599
15508825
15508866
15509925
15509992
15510129
15510222
15510777
15510844
15511082
15511272
15511313
15511340
15511549
15512026
15512034
15512130
15512185
15512629
15512845
15512895
15513441
15513636
15513669
15514072
15514118
15514287
15514378
15514716
15515430
15515617
15517157
15517353
15517472
15517551
15519602
15519860
15521219
15521704
15521827
15522129
15522216
15523074
15523196
15523336
15523450
15524450
15524587
15525256
15525522
15526226
15526418
15526559
15527019
15527573
15529544
15530897
15533374
15533816
15533848
15534615
15534969
15535191
15535400
15535772
15535778
15536309
15536621
15536845
15536924
15537222
15537560
15537710
15538327
15538645
15538764
15538937
15540152
15540497
15540800
15541033
15541218
15541822
15541837
15542355
15543178
15543199
15543649
15543989
15544306
15544394
15544627
15546408
15546438
15546653
15546694
15547906
15547913
15548234
15548352
15548692
15549529
15549653
15549817
15550363
15551395
15551524
15552933
15553129
15553333
15554449
15554726
15555086
15555548
15556086
15556371
15556432
15556856
15557363
15557493
15558677
15559763
15559880
15559889
15560986
15561931
15562244
15562423
15562576
15562897
15562922
15562995
15563370
15564306
15565475
15566898
15568552
15569177
15569261
15569333
15570066
15572043
15572522
15572612
15572732
15574215
15574370
15575466
15576094
15576875
15579128
15579402
15579819
15579953
15580348
15580371
15580597
15580739
15580831
15580842
15582100
15583643
15583955
15584978
15585032
15585235
15587128
15588164
15588426
15588749
15590111
15590846
15590975
15591100
15591408
15591419
15591615
15592015
15592327
15592693
15593366
15593747
15594080
15594492
15594800
15595212
15597796
15598736
15600917
15601533
15602851
15603501
15604695
15605688
15606267
15606383
15607003
15607274
15607563
15607863
15608529
15610082
15610135
15611613
15612179
15612368
15612604
15612857
15613025
15613099
15613318
15613705
15613728
15614346
15614825
15615589
15617977
15618531
15619201
15619308
15619885
15619933
15620156
15620475
15620989
15622226
15622366
15622676
15622686
15622727
15623152
15623263
15623325
15623726
15623737
15623847
15625882
15626456
15627289
15627391
15627803
15627895
15628787
15628898
15629057
15629180
15630087
15630767
15630996
15631164
15631788
15632131
15632782
15632904
15633274
15633538
15633778
15633795
15634183
15634270
15634297
15634333
15634357
15634607
15634756
15635342
15635720
15635812
15635944
15636599
15637218
15637239
15637406
15637848
15638606
15638763
15638801
15639592
15640541
15640793
15641705
15642284
15644168
15644771
15645440
15645483
15645730
15645762
15645829
15646184
15646976
15648338
15648942
15649127
15649350
15650967
15652093
15652531
15652611
15653510
15654137
15654191
15654746
15657228
15658114
15658394
15659053
15659984
15660292
15661697
15661787
15661992
15662164
15662291
15662524
15662790
15662897
15663182
15665320
15665475
15665551
15666006
15666155
15666337
15666920
15666944
15667386
15667493
15667781
15667999
15669120
15669833
15671201
15671892
15674850
15675402
15677282
15677472
15677523
15677592
15679282
15679925
15679942
15680083
15680199
15680850
15682250
15682914
15683111
15683282
15684635
15684670
15686399
15686570
15686600
15686634
15686789
15687044
15687520
15687910
15688252
15688428
15688446
15688644
15689001
15689044
15689895
15690289
15690758
15692033
15693260
15693679
15694044
15694060
15696015
15697168
15697529
15698019
15699555
15702366
15702605
15702754
15702987
15703613
15703638
15705138
15705211
15705354
15705457
15705502
15706115
15706653
15706911
15707753
15707771
15707901
15708141
15708175
15708474
15708700
15708924
15709053
15709427
15709522
15711153
15712528
15712600
15713090
15713353
15713563
15713693
15714037
15714332
15714637
15718294
15718325
15718646
15719032
15719325
15719898
15720229
15720719
15721003
15721315
15721503
15721594
15721767
15721910
15721985
15722075
15722327
15722693
15722706
15722885
15723718
15723959
15724191
15724282
15724397
15725000
15725209
15725295
15725506
15725733
15725892
15726310
15726360
15727348
15729054
15729516
15729985
15730196
15730240
15730543
15730803
15731065
15731912
15732302
15734864
15735008
15735280
15735709
15736534
15737152
15737616
15737831
15737841
15738485
15738590
15738963
15740184
15740593
15740624
15741028
15741669
15743170
15743213
15743980
15744699
15745169
15745560
15746760
15747382
15747861
15749901
15750008
15750619
15751816
15751829
15752546
15753278
15753504
15753657
15753684
15753879
15756911
15758293
15759214
15759714
15760353
15761730
15763360
15763420
15763693
15765007
15765129
15765146
15765162
15765456
15765590
15766117
15767214
15768347
15768767
15769128
15769168
15769463
15770221
15770815
15771352
15771499
15771628
15771657
15772384
15774671
15775023
15775784
15775892
15776168
15776379
15776918
15777445
15778648
15779910
15780434
15781068
15781676
15781688
15781699
15782453
15782792
15783150
15783897
15784532
15784541
15784736
15785225
15785301
15785318
15785388
15785493
15785727
15787749
15787827
15787900
15787949
15788173
15789771
15789909
15790573
15791917
15792080
15793099
15793444
15794031
15794203
15794375
15795132
15795386
15795447
15795467
15795514
15796705
15797900
15797914
15797982
15798761
15799091
15799303
15799320
15799363
15799762
15799868
15802244
15804108
15805068
15805086
15805207
15805468
15807039
15807064
15807072
15807093
15807103
15807109
15807122
15807134
15807141
15807147
15807153
15807162
15807176
15807188
15807947
15807962
15812832
15815620
15816053
15816943
15817130
15817178
15817580
15817620
15817861
15818097
15818114
15818232
15819094
15819146
15819941
15820102
15820172
15821249
15821335
15821760
15823147
15823176
15823430
15824106
15824419
15825087
15825212
15826683
15826821
15827177
15827902
15829861
15829947
15830742
15831639
15832730
15834067
15834153
15834224
15834473
15834527
15835117
15835206
15835348
15836038
15837642
15837949
15838235
15838799
15840173
15840858
15841688
15841797
15842982
15844489
15846032
15846040
15847983
15848371
15850543
15851713
15852686
15852888
15853238
15854089
15854759
15857169
15857243
15857376
15858159
15858412
15859074
15859094
15859200
15859289
15860860
15861632
15862084
15862417
15862834
15863206
15864351
15864939
15866019
15866243
15866565
15867673
15867931
15868108
15868177
15868242
15868276
15868409
15868480
15868783
15874897
15876105
15878524
15878690
15879933
15879946
15880157
15880343
15880392
15880688
15881814
15882075
15882134
15882469
15882492
15884134
15884352
15884420
15884487
15884786
15884905
15884954
15885065
15885208
15885999
15886026
15887840
15889578
15889734
15889870
15890281
15890491
15890677
15890735
15890849
