15892913
15893199
15893240
15893741
15894742
15895222
15895691
15896058
15896589
15897051
15897227
15897390
15899530
15899712
15900149
15901140
15902147
15902577
15902880
15902998
15903451
15903493
15903716
15903910
15905539
15906835
15906889
15906903
15907148
15907154
15907503
15907679
15908206
15908228
15908350
15908452
15908472
15908548
15908730
15909130
15909252
15909422
15909588
15910284
15911232
15911766
15912284
15912366
15912508
15913034
15914564
15914569
15915137
15915944
15916098
15916403
15917646
15917720
15917740
15918002
15919107
15919753
15919913
15920230
15920300
15922578
15922593
15924915
15925031
15925531
15925775
15925926
15925974
15926493
15926629
15926664
15926827
15927249
15927851
15927880
15928066
15928086
15928569
15928815
15928920
15929283
15929836
15930285
15930360
15930377
15930464
15931540
15932002
15932180
15933328
15934046
15934293
15934788
15935477
15935545
15935556
15936091
15937591
15937716
15937970
15938000
15938243
15938254
15938607
15938769
15938829
15939767
15939927
15940174
15940394
15940489
15940572
15940679
15940798
15941842
15945977
15947204
15947680
15948386
15948552
15948930
15949710
15950062
15950212
15950222
15950244
15951180
15951598
15952387
15952889
15953407
15953771
15953917
15954005
15954022
15954294
15954395
15954502
15955328
15955802
15956243
15960110
15960187
15960449
15960537
15960951
15961782
15962678
15963396
15964434
15964576
15968942
15969028
15969286
15969776
15969844
15970277
15970450
15970456
15970462
15970794
15971271
15971430
15971710
15972850
15973074
15973746
15973807
15977214
15977725
15978848
15980316
15980722
15981095
15981160
15981454
15981539
15982069
15982968
15983312
15983850
15983936
15983983
15984019
15984111
15984438
15984571
15984623
15984822
15984891
15986066
15986103
15986671
15987114
15987127
15987739
15987764
15987804
15988189
15988811
15988894
15989003
15989091
15989438
15991037
15991184
15992874
15993738
15993890
15994015
15998765
15999757
16000176
16000270
16000326
16001301
16001428
16001682
16001707
16001759
16001899
16001906
16001981
16002547
16002582
16002624
16003095
16003216
16005320
16005473
16005738
16006182
16007038
16007377
16007951
16009231
16012573
16013092
16013449
16013634
16013695
16013813
16014617
16016915
16017726
16017820
16017995
16018285
16018402
16018974
16019691
16020463
16020828
16021480
16021622
16022598
16023190
16024679
16025097
16025924
16029155
16030117
16030246
16030602
16031189
16031344
16031561
16031850
16033721
16035561
16036013
16036262
16036468
16038551
16040367
16040796
16042816
16044910
16045745
16046997
16050681
16051110
16052089
16055097
16056033
16056506
16056691
16057705
16058814
16059411
16059608
16060030
16060721
16061981
16062521
16062820
16063486
16063559
16064243
16065083
16065295
16065931
16066788
16067125
16067216
16071120
16071616
16071900
16075303
16076016
16076132
16076493
16076653
16077059
16077967
16079583
16079920
16079954
16080001
16080940
16081235
16081695
16081861
16082764
16086430
16086875
16087415
16087821
16088419
16090482
16091187
16091584
16092282
16092726
16092993
16093096
16093923
16094370
16094449
16094678
16095196
16095274
16097233
16097435
16102069
16102977
16104364
16104660
16105015
16105230
16108632
16108741
16109442
16109835
16109967
16112255
16112617
16114840
16115575
16115785
16115904
16116392
16117715
16119602
16119714
16121975
16122060
16123288
16123877
16123959
16125321
16125925
16126127
16128901
16128966
16135641
16137128
16137573
16137616
16137954
16138020
16140155
16140439
16140460
16141281
16141859
16142008
16142375
16143183
16143236
16143392
16143444
16143551
16143813
16145105
16145632
16145663
16146775
16148240
16148414
16148752
16152127
16152224
16155165
16157485
16162285
16164795
16167359
16168455
16173980
16176889
16177364
16177642
16177937
16181269
16184225
16185589
16195127
16197010
16197575
16197907
16198716
16199387
16202357
16205808
16206094
16208640
16208819
16209546
16210267
16211381
16214054
16214352
16214391
16218314
16218425
16220058
16220634
16220729
16221403
16223310
16224049
16224546
16225298
16226062
16226699
16227909
16229015
16229145
16235512
16235732
16236132
16236997
16237443
16238519
16238797
16239367
16239861
16240385
16241104
16241453
16241759
16242031
16242322
16244277
16244676
16246278
16248496
16250385
16250600
16250640
16252726
16253394
16254003
16254480
16254538
16254711
16255162
16255207
16255423
16256063
16256787
16256812
16256984
16257140
16258832
16259788
16260636
16260940
16262248
16266281
16266487
16267014
16267746
16269219
16269599
16269693
16270321
16271463
16271936
16272264
16272458
16273260
16274395
16274667
16275336
16276043
16276109
16276662
16277065
16277720
16278061
16278781
16278824
16279048
16279227
16280237
16283904
16285785
16286128
16287269
16288592
16289106
16290855
16292354
16293440
16294494
16295775
16299579
16303338
16304260
16304970
16307842
16309060
16309700
16309816
16311919
16311964
16312088
16314410
16315034
16317933
16318592
16318829
16318933
16324698
16325519
16326247
16328581
16330982
16332456
16333328
16333902
16334704
16337076
16337933
16338059
16338152
16338647
16338934
16339597
16339977
16340118
16340166
16340957
16341189
16341424
16343802
16344050
16344383
16346142
16346356
16346625
16348446
16348456
16350632
16351501
16351616
16351861
16352731
16352828
16355690
16356886
16358417
16359266
16360577
16360814
16360950
16361979
16363898
16364837
16365181
16365748
16366922
16366977
16368376
16370650
16370911
16371803
16372040
16372074
16373681
16374725
16375281
16375437
16375515
16375681
16376299
16376418
16376622
16378379
16381123
16381559
16381593
16381784
16382323
16383603
16383629
16384735
16385189
16385230
16385764
16387768
16387900
16388805
16389658
16391825
16391998
16392265
16393271
16393391
16393705
16394049
16394590
16395282
16396321
16397627
16398598
16399970
16401800
16403999
16406043
16406629
16409310
16411487
16414043
16414355
16414660
16414691
16414855
16415618
16417328
16417961
16418385
16422044