7362480
7364499
7368435
7378887
7381853
7381948
7382435
7382453
7382540
7382710
7382812
7382973
7383196
7385657
7385863
7386189
7386602
7386891
7387381
7387608
7387635
7388153
7390849
7392476
7392607
7395642
7396074
7397111
7402474
7479899
7481052
7482221
7492309
7492703
7496712
7497092
7497663
7498158
7498175
7498205
7498210
7498397
7498504
7498568
7498677
7498697
7498700
7498703
7498717
7498728
7498737
7498741
7498936
7498947
7498979
7498990
7498991
7498996
7499002
7499004
7499005
7499007
7499017
7499034
7499046
7499047
7499082
7499096
7499144
7499162
7499178
7499197
7499278
7499289
7499296
7499322
7544956
7547781
7556140
7614714
7622331
7621218
7624699
7625324
7625351
7625742
7626309
7626846
7628310
7630427
7632559
7633557
7634161
7636858
7637073
7637543
7640290
7642501
7642746
7643807
7643817
7644376
7648227
7670910
7671146
7673161
7673396
7674343
7681504
7686529
7716234
7717379
7717318
7717333
7718002
7718035
7718077
7718710
7718924
7720836
7721824
7721770
7723100
7724200
7724874
7724926
7725436
7726036
7726813
7727207
7727220
7727535
7727984
7737500
7736446
7738459
7738460
7738994
7739180
7739836
7744690
7749133
7749944
7750184
7753402
7753580
7754622
7754847
7755441
7756168
7756172
7756534
7759701
7722845
7785493
7787599
7789455
7792276