7897233
7897387
7897505
7897637
7898045
7898116
7898529
7902618
7902973
7903069
7904494
7904509
7904536
7904601
7904610
7904824
7905030
7905497
7905558
7905807
7905872
7906478
7906592
7906993
7908022
7908367
7908466
7909562
7909676
7910086
7910205
7910579
7911203
7911809
7912717
7914202
7914842
7915359
7915781
7915950
7916330
7916378
7916547
7916798
7916888
7917366
7918350
7918574
7918703
7918852
7919548
7919746
7920108
7920402
7921217
7921635
7922373
7922495
7923082
7923118
7923811
7923861
7924978
7925130
7925909
7926047
7929048
7931228
7931449
7931655
7931691
7931855
7931991
7932581
7932598
7932788
7932908
7933039
7933177
7933201
7933928
7933988
7934005
7934052
7934093
7934237
7934357
7934534
7934751
7934975
7935228
7935414
7935450
7935634
7935662
7935731
7935878
7935964
7936017
7936441
7936632
7936776
7936817
7936872
7936957
7937201
7937676
7937766
7938091
7938113
7938181
7938782
7939124
7939164
7939524
7939750
7939821
7939842
7939937
7939982
7940584
7940860
7941067
7941379
7941425
7941484
7941533
7941620
7941799
7942201
7942231
7942267
7942310
7942727
7943248
7943442
7943469
7943770
7943806
7944074
7944309
7944587
7944680
7944924
7945067
7945161
7945295
7945563
7945598
7945652
7945729
7945994
7946157
7947766
7948429
7948616
7948694
7948755
7949325
7949346
7950024
7950210
7950281
7950352
7950734
7950890
7950972
7951315
7951722
7951789
7952663
7952729
7952787
7953146
7953184
7954682
7955701
7956974
7957442
7957507
7958016
7958056
7958097
7958346
7958367
7958415
7958565
7958974
7959030
7959205
7959231
7959272
7959418
7959434
7959529
7959702
7959716
7959783
7959878
7959908
7960012
7960127
7960179
7960249
7960365
7960701
7961201
7961417
7961535
7961890
7961927
7961954
7962685
7962986
7962993
7963057
7963135
7963274
7963327
7963508
7963542
7963746
7963784
7963909
7963938
7964039
7964075
7964100
7964662
7964875
7964883
7964892
7965084
7965097
7965201
7965211
7965393
7965457
7965526
7965621
7965885
7966425
7966809
7966929
7967151
7967421
7968035
7968067
7968132
7968353
7968434
7968449
7968700
7969351
7969558
7969722
7969753
7969934
7969981
7969991
7971609
7971695
7971842
7971913
7971952
7972028
7972130
7972435
7972759
7972927
7973054
7973321
7973835
7973998
7974359
7974610
7974706
7974742
7975332
7975552
7975622
7975910
7976208
7976259
7976700
7976949
7976980
7977261
7977540
7978084
7979254
7980942
7981086
7981575
7981754
7982017
7982161
7982178
7982283
7982715
7982723
7982797
7982882
7982995
7983190
7983290
7983462
7984512
7984533
7984675
7984847
7985132
7985166
7985679
7985753
7985909
7986250
7986777
7986982
7987294
7987414
7987433
7987589
7987666
7987870
7987903
7988026
7988107
7988198
7988588
7988652
7988675
7988716
7988821
7989690
7989891
7989918
7989947
7989964
7990255
7990281
7990319
7990329
7990343
7990459
7990510
7990628
7990703
7990993
7991009
7991020
7991099
7991472
7991574
7991758
7991915
7992590
7993011
7993462
7993499
7993825
7993882
7995262
7996094
7996208
7996249
7996479
7996545
7997204
7997651
7997689
7997907
7998326
7998922
7998929
7999616
7999680
7999711
7999884
8000246
8000924
8001072
8001222
8001589
8001779
8002053
8002604
8002669
8002762
8003429
8005361
8005826
8006017
8006177
8006580
8006700
8007045
8007146
8008073
8008381
8008409
8008665
8008994
8009238
8009327
8009363
8009370
8009378
8009424
8009562
8009615
8009900
8010077
8010174
8010205
8010350
8010366
8010533
8010578
8010596
8010723
8010806
8010824
8010871
8010916
8011114
8011358
8011469
8011583
8012696
8012852
8012912
8013008
8013091
8013138
8013676
8013691
8013756
8013947
8014205
8014240
8014278
8014889
8014908
8015005
8015150
8015389
8015400
8015427
8015689
8015788
8015940
8015951
8015958
8015979
8015997
8016676
8016690
8016735
8016853
8017377
8017556
8017661
8017668
8017804
8017851
8017908
8017944
8018021
8018232
8018353
8018524
8018629
8018806
8018825
8019445
8019530
8019736
8019990
8020024
8020376
8021060
8021362
8021865
8022477
8022807
8023768
8023826
8024732
8024799
8024837
8025499
8025822
8025914
8025966
8026033
8026259
8026581
8029056
8029183
8031010
8031194
8031580
8031762
8032021
8032090
8032164
8032227
8032484
8033291
8033344
8033609
8033729
8034027
8034150
8034340
8035162
8035447
8035972
8036089
8036409
8036986
8037709
8037896
8037932
8037952
8037961
8039565
8039901
8040560
8040847
8041055
8041178
8041526
8043663
8043827
8043971
8044133
8044681
8044941
8045263
8045345
8045454
8046921
8047173
8048158
8048408
8048478
8048765
8048932
8049298
8049404
8049464
8049835
8049889
8050177
8050228
8050394
8050486
8050667
8050750
8051545
8051716
8051787
8052807
8054161
8054742
8054855
8054927
8055246
8058812
8061281
8061545
8063098
8063746
8063798
8063875
8065006
8066017
8066164
8066634
8066897
8067553
8067620
8068177
8070706
8070998
8075441
8075446
8075925
8076567
8076735
8076815
8076987
8077024
8077177
8077192
8077455
8079362
8079477
8079503
8079651
8079749
8082075
8083272
8084051
8084161
8084396
8084487
8084665
8084867
8085833
8086539
8086563
8086661
8086892
8087067
8087163
8087170
8087325
8087332
8087533
8087539
8087825
8087910
8087925
8087941
8087962
8088214
8088247
8088398
8088447
8088521
8088759
8088922
8088944
8089029
8089043
8089066
8089076
8089094
8089280
8089287
8089366
8089384
8089601
8089687
8089804
8089853
8089909
8089987
8089998
8090005
8090068
8090230
8090270
8090285
8090419
8090429
8090558
8090758
8090921
8091033
8091047
8091153
8091229
8091249
8091376
8091591
8091616
8091694
8091700
8091715
8091724
8092170
8092329
8092336
8093175
8093270
8093438
8093477
8093505
8093545
8093595
8094029
8094331
8094349
8094474
8094815
8094990
8095557
8095650
8095687
8096005
8096554
8096981
8097375
8097597
8097612
8097779
8098025
8098735
8098755
8099415
8099882
8099913
8100521
8100729
8101129
8101260
8101345
8101553
8101567
8101619
8101828
8103363
8103461
8103520
8103666
8104121
8104260
8104314
8104455
8106913
8107034
8107562
8107630
8107637
8107948
8108041
8108467
8108656
8108793
8108907
8108967
8109034
8109099
8109188
8109349
8109368
8109374
8109897
8110188
8110278
8110326
8110382
8110486
8110734
8110774
8110801
8110833
8110921
8111033
8111125
8111162
8111307
8111351
8111388
8111458
8111515
8111563
8111668
8111686
8111911
8112003
8112143
8112290
8112397
8112427
8112437
8112499
8112970
8113171
8113191
8113314
8113356
8113419
8113592
8114381
8114540
8114679
8114709
8114773
8114831
8115524
8115581
8115784
8115800
8116045
8116280
8116298
8116499
8116654
8116821
8116849
8116887
8117045
8117202
8117230
8117340
8117685
8117693
8117704
8117731
8118089
8118121
8118322
8118360
8118590
8118806
8118852
8118918
8119007
8119248
8119378
8119394
8119508
8119578
8119754
8119787
8119819
8119922
8120048
8120181
8120264
8120363
8120455
8121076
8121145
8121274
8121341
8121532
8121693
8121791
8121995
8122617
8123083
8123102
8123143
8123158
8124303
8124595
8124645
8125011
8125043
8125228
8125551
8125995
8126195
8126688
8127746
8127888
8128588
8129153
8129315
8131131
8131437
8131601
8131870
8132274
8132459
8132583
8132707
8132760
8132963
8133047
8133199
8133281
8133461
8133736
8133783
8133921
8133976
8134080
8134420
8134479
8134492
8134707
8134738
8134843
8134929
8134948
8135015
8135166
8135355
8135378
8135470
8135557
8135730
8135738
8135838
8135859
8136019
8136040
8136115
8136121
8136148
8136428
8136459
8136707
8136932
8137076
8137142
8137215
8137260
8137314
8137330
8137578
8137680
8137687
8137699
8137713
8137856
8137986
8138123
8138140
8138313
8138323
8138716
8138733
8138959
8139051
8139060
8139115
8139260
8139300
8139312
8139378
8139445
8139550
8139580
8139706
8139759
8140042
8140088
8140116
8140220
8140267
8140341
8140498
8140669
8140675
8142120
8142259
8142413
8142535
8142647
8142858
8142946
8143109
8143127
8143267
8143443
8143462
8143653
8143687
8144050
8144175
8144411
8144546
8144653
8145286
8145377
8145508
8145579
8145701
8145993
8146653
8146877
8147085
8148992
8149115
8150098
8150370
8150434
8150902
8150913
8150922
8151483
8153096
8153649
8153762
8153782
8153917
8154000
8154038
8154122
8154355
8156632
8158025
8158347
8158708
8158837
8158975
8159386
8159417
8159425
8159607
8159918
8159940
8160060
8160108
8160231
8160295
8160475
8160575
8160625
8160708
8160852
8160905
8161082
8161618
8161646
8161693
8161739
8161828
8162006
8162046
8162122
8162210
8162277
8162378
8162583
8162695
8162825
8162967
8163118
8163169
8163475
8163505
8163585
8163603
8163673
8163684
8163886
8164022
8164030
8164069
8164111
8164292
8164494
8164709
8164732
8164852
8164981
8165020
8165057
8165196
8165305
8165570
8165643
8165782
8165835
8166069
8166095
8166627
8166944
8167600
8167756
8167770
8168213
8168508
8168671
8168691
8168751
8168961
8169185
8169247
8169258
8169270
8169348
8169902
8169983
8170000
8170047
8170241
8170472
8170496
8170528
8170589
8170799
8171271
8171320
8171444
8171548
8172652
8173303
8173878
8173920
8174788
8175545
8175602
8175789
8175809
8175830
8176693
8177580
8178376
8178554
8178564
8178652
8178708
8178747
8182193
8182341
8182349
8183229
8183622
8183802
8183861
8183890
8183960
8184020
8184056
8184070
8184083
8184091
8184104
8184118
8184127
8184133
8184141
8184147
8184173
8184182
8184199
8184207
8184219
8184240
8184250
8184267
8184277
8184285
8184300
8184313
8184330
8184342
8184380
8184386
8184395
8184408
8184427
8184440
8184468
8184476
8184482
8184489
8184498
8184517
8184535
8184550
8184561
8184584
8184609
8184620
8184636
8184648
8184655
8184708
8184715
8184736
8184742
8184753
8184759
8184769
8184776
8184784
8184798
8184805
8184811
8184844
8184861
8184873
8184887
8184894
8184900
8184910
8184925
8184937
8184949
8184968
8184979
8184996
8185019
8185025
8185032
8185038
8185046
8185068
8185078
8185086
8185093
8185117
8185125
8185131
8185137
8185152
8185162
8185169
8185187
8185201
8185218
8185225
8185234
8185260
8185272
8185279
8185293
8185300
8185312
8185319
8185326
8185344
8185350
8185383
8185389
8185409
8185415
8185429
8185446
8185464
8185483
8185491
8185501
8185515
8185528
8185538
8185544
8185563
8185571
8185586
8185592
8185600
8185609
8185634
8185652
8185659
8185667
8185673
8185679
8185685
8185716
8185722
8185730
8185736
8185742
8185748
8185757
8185764
8185778
8185796
8185809
8185816
8185824
8185847
8185856
8185862
8185869
8185879
8185891
8185908
8185925
8185931
8185938
8185970
8185983
8186013
8186022
8186032
8186043
8186050
8186070
8186078
8186084
8186090
8186120
8186130
8186137
8186151
8186163
8186169
8186175
8186181
8186196
8186211
8186222
8186229
8186245
8186253
8186261
8186268
8186276
8186295
8186321
8186328
8186340
8186352
8186366
8186373
8186382
8186402
8186424
8186441
8186447
8186454
8186468
8186476
8186509
8186528
8186534
8186550
8186556
8186563
8186579
8186605
8186619
8186628
8186639
8186673
8186687
8186699
8186708
8186729
8186740
8186756
8186773
8186782
8186790
8186797
8186808
8186822
8186831
8186849
8186858
8186868
8186878
8186889
8186917
8186926
8186932
8186955
8186961
8186968
8186998
8187023
8187032
8187038
8187044
8187051
8187069
8187097
8187107
8187114
8187120
8187126
8187150
8187168
8187174
8187184
8187224
8187231
8187242
8187248
8187260
8187267
8187275
8187293
8187300
8187315
8187339
8187353
8187372
8187378
8187400
8187417
8187444
8187458
8187465
8187478
8187488
8187502
8187508
8187530
8187544
8187553
8187574
8187580
8187596
8187607
8187614
8187625
8187636
8187657
8187695
8187708
8187715
8187723
8187755
8187763
8187771
8187778
8187791
8187812
8187834
8187853
8187875
8187891
8187898
8187936
8187946
8187952
8188004
8188011
8188020
8188073
8188086
8188099
8188110
8188130
8188140
8188172
8188179
8188193
8188226
8188239
8188245
8188264
8188270
8188280
8188286
8188325
8188332
8188348
8188354
8188375
8188418
8188424
8188515
8188525
8188575
8188586
8188598
8188604
8188610
8188633
8188654
8188665
8188707
8188729
8188745
8188793
8188832
8188850
8188859
8188868
8188877
8188888
8188904
8188922
8188943
8188949
8188958
8188969
8188980
8189004
8189018
8189024
8189037
8189044
8189050
8189072
8189084
8189098
8189143
8189168
8189207
8189315
8189321
8189352
8189358
8189371
8189393
8189441
8189481
8189518
8189539
8189558
8189574
8189580
8189619
8189625
8189634
8189644
8189652
8189747
8189784
8189812
8189818
8189831
8189861
8189883
8189899
8189905
8189912
8189920
8189964
8189993
8190000
8190045
8190067
8190135
8190167
8190186
8190196
8190214
8190324
8190404
8190417
8190425
8190441
8190532
8190565
8190625
8190652
8190664
8190678
8190742
8190748
8190784
8190864
8190900
8190917
8191004
8191035
8191110
8191118
8191204
8191219
8191230
8191299
8191409
8191416
8191492
8191525
8191541
8191599
8191606
8191615
8191634
8191692
8191746
8191764
8191826
8191843
8191864
8191881
8191915
8191960
8192003
8192033
8192105
8192121
8192146
8192207
8192230
8192261
8192274
8192335
8192360
8192424
8192473
8192496
8192510
8192521
8192532
8192570
8192619
8192628
8192664
8192769
8192822
8192860
8192912
8192923
8192932
8192970
8193003
8193125
8193166
8193191
8193210
8193275
8193299
8193307
8193326
8193351
8193391
8193454
8193468
8193493
8193531
8193538
8193550
8193568
8193588
8193621
8193627
8193683
8193699
8193719
8193744
8193800
8193852
8193880
8193911
8193917
8193943
8193984
8194078
8194168
8194195
8194201
8194217
8194269
8194351
8194360
8194372
8194487
8194531
8194612
8194649
8194675
8194722
8194841
8194857
8194884
8194946
8194968
8195020
8195036
8195127
8195168
8195250
8195267
8195308
8195396
8195418
8195452
8195467
8195627
8195691
8195717
8195761
8195768
8195780
8195786
8195805
8195819
8195972
8195988
8196020
8196051
8196067
8196177
8196393
8196433
8196481
8196588
8196640
8196657
8196665
8196709
8196715
8196721
8196727
8196733
8196739
8196745
8196849
8196894
8197009
8197053
8197070
8197280
8197325
8197331
8197386
8197424
8197480
8197489
8197549
8197555
8197604
8197660
8197714
8197860
8197932
8197938
8198177
8198220
8198279
8198331
8198348
8198429
8198453
8198587
8198596
8198745
8198761
8198770
8198803
8198902
8198959
8198977
8198983
8198995
8199001
8199218
8199261
8199383
8199511
8199559
8199620
8199651
8199670
8199703
8199715
8199722
8199741
8199912
8199932
8199939
8199961
8200058
8200098
8200260
8200330
8200469
8200504
8200573
8200588
8200876
8200907
8200952
8200969
8201105
8201298
8201331
8201443
8201529
8201597
8201693
8201756
8201851
8201882
8202169
8202189
8202212
8202278
8202317
8202612
8202682
8202924
8203073
8203129
8203169
8203187
8203249
8203363
8203376
8203469
8203588
8203610
8203669
8203680
8203720
8203732
8203902
8203965
8204055
8204160
8204421
8204496
8204502
8204520
8204709
8204747
8204782
8204816
8204822
8204891
8205431
8205554
8205755
8205764
8205819
8205921
8206183
8206201
8206210
8206574
8206710
8206864
8206872
8206959
8207082
8207185
8207250
8207303
8207324
8207364
8207488
8207526
8207586
8207596
8207679
8207796
8207816
8207846
8208014
8208024
8208074
8208112
8208235
8208321
8208400
8208411
8208457
8208558
8208564
8208596
8208621
8208641
8208701
8208804
8208850
8208876
8208997
8209081
8209118
8209233
8209247
8209277
8209320
8209331
8209548
8209572
8209589
8209672
8209803
8209820
8210084
8211337
8211450
8211606
8211787
8211811
8211982
8211999
8212058
8212250
8212264
8212281
8212328
8212531
8212659
8212665
8213998
8215070
8215224
8215318
8215436
8215621
8216201
8216429
8216452
8216467
8216549
8216699
8216793
8216910
8216942
8217029
8217075
8217100
8217148
8217323
8217434
8217481
8217487
8217622
8217925
8218320
8218445
8218478
8218805
8218832
8218841
8218879
8219033
8219149
8219188
8219199
8219669
8219742
8219953
8219960
8220025
8220239
8220273
8220338
8220511
8220531
8220583
8220617
8220688
8220797
8221079
8221335
8221377
8221406
8221506
8221753
8222032
8222171
8222368
8222699
8222990
8223875
8224293
8224888
8225118
8225321
8225865
8225916
8226353
8226460
8227658
8227896
8228482
8228579
8228677
8229217
8229508
8230076
8230164
8230547
8230672
8230840
8230965
8230980
8231326
8231524
8231920
8231974
8232229
8232543
8232776
8233170
8233240
8233470
8233676
8233854
8234130
8234535
8235110
8235130
8235138
8235650
8236040
8236522
8236534
8236651
8236713
8236725
8236759
8236887
8236903
8236984
8237162
8237174
8237248
8237546
8237861
8237890
8237934
8238337
8238384
8238491
8238853
8238896
8238959
8239035
8239062
8239071
8239184
8239329
8239359
8239436
8239709
8239762
8240174
8240337
8240372
8241707
8241750
8241972
8242149
8242377
8242768
8245969
8246426
8246584
8246727
8246974
8247027
8247186
8247381
8247450
8247476
8247624
8247771
8247841
8247918
8248228
8248289
8248467
8248514
8248532
8248611
8248736
8248777
8248962
8249019
8249315
8249677
8249746
8249819
8250112
8250473
8250692
8250710
8251248
8251419
8251515
8251633
8252003
8252221
8252244
8252549
8252555
8253121
8253145
8253281
8253750
8253805
8253927
8254413
8254619
8254946
8254987
8255575
8255683
8255723
8255872
8255911
8255934
8256172
8256420
8256755
8256848
8256952
8256984
8257244
8257342
8257383
8257614
8257844
8257964
8258066
8258557
8258712
8258754
8258789
8258826
8259016
8259197
8259431
8259697
8259894
8259901
8260094
8260819
8261051
8261117
8261637
8261653
8262426
8262688
8262704
8262717
8262801
8262889
8263097
8263213
8263290
8263341
8263399
8263606
8263742
8264000
8264010
8264028
8264143
8264241
8264285
8264294
8264301
8264335
8264364
8264411
8264517
8264604
8264841
8264854
8264875
8265036
8265109
8265168
8265307
8265853
8265952
8267222
8267253
8267328
8267545
8267750
8267796
8267804
8267863
8268076
8268130
8268181
8268390
8268428
8269523
8271355
8271534
8271649
8271657
8271860
8271926
8272984
8273043
8273101
8273182
8273288
8273347
8273354
8273379
8273644
8273696
8273775
8273785
8273890
8274210
8274220
8274514
8274567
8274661
8274708
8274733
8274848
8275041
8275092
8275129
8275602
8275658
8275729
8275735
8275741
8275747
8275755
8275777
8275790
8275796
8275814
8275821
8275827
8275833
8275842
8275861
8275868
8275882
8275896
8275902
8275909
8275915
8275948
8275972
8275978
8275992
8275999
8276014
8276021
8276033
8276039
8276051
8276066
8276074
8276080
8276088
8276097
8276106
8276125
8276133
8276159
8276175
8276205
8276215
8276223
8276231
8276255
8276287
8276294
8276305
8276327
8276334
8276341
8276350
8276380
8276396
8276419
8276425
8276440
8276450
8276458
8276465
8276473
8276517
8276547
8276563
8276575
8276604
8276610
8276618
8276624
8276630
8276642
8276651
8276658
8276687
8276711
8276721
8276727
8276737
8276753
8276766
8276782
8276795
8276801
8276811
8276833
8276848
8276865
8276872
8276882
8276894
8276927
8276938
8276970
8276977
8277033
8277041
8277054
8277073
8277085
8277092
8277112
8277119
8277125
8277134
8277148
8277173
8277183
8277215
8277256
8277328
8277370
8277398
8277406
8277424
8277430
8277437
8277453
8277539
8277546
8277573
8277592
8277608
8277639
8277649
8277657
8277684
8277701
8277714
8277740
8277749
8277757
8277764
8277775
8277788
8277833
8277849
8277859
8277886
8277908
8277914
8277921
8277971
8277997
8278051
8278072
8278093
8278105
8278125
8278172
8278185
8278191
8278230
8278237
8278327
8278354
8278370
8278381
8278388
8278406
8278412
8278418
8278424
8278437
8278443
8278449
8278461
8278467
8278482
8278502
8279101
8279143
8279177
8279364
8279426
8279499
8279606
8279999
8280008
8280053
8280062
8280160
8280195
8280240
8280261
8280423
8280486
8280587
8280697
8280709
8280775
8280790
8280799
8280828
8280906
8280931
8281003
8281062
8281328
8281386
8281397
8281579
8281624
8281637
8281668
8281684
8281741
8281811
8281840
8281884
8281922
8281990
8282055
8282113
8282123
8282145
8282162
8282186
8282195
8282203
8282239
8282301
8282307
8282320
8282542
8282646
8282652
8282762
8282793
8282824
8282920
8282982
8283151
8283198
8283251
8283299
8283346
8283352
8283401
8283481
8283547
8283664
8283735
8283751
8283763
8283809
8283818
8283824
8283833
8283839
8283953
8283989
8284067
8284121
8284130
8284322
8284388
8284422
8284430
8284503
8284514
8284539
8284577
8284618
8284631
8284637
8284654
8284682
8284785
8284846
8284976
8285005
8285011
8285223
8285268
8285285
8285403
8285428
8285443
8285527
8285576
8285650
8285730
8285766
8285825
8285904
8286010
8286091
8286270
8286442
8286613
8286635
8286886
8286942
8287112
8287138
8287152
8287298
8287346
8287428
8287473
8287594
8287646
8287661
8287698
8287816
8287851
8288047
8288096
8288108
8288196
8288223
8288274
8288351
8288394
8288423
8288606
8288667
8288674
8288735
8288891
8289134
8289223
8289530
8289676
8289807
8290029
8290131
8290208
8290400
8290601
8290633
8290716
8291196
8291654
8291713
8292007
8292037
8292107
8292215
8292255
8292485
8292541
8292624
8292689
8292781
8292922
8292940
8293043
8293365
8293828
8293932
8294389
8294517
8294674
8294859
8294935
8294966
8294971
8294997
8295058
8295088
8295163
8295176
8295252
8295265
8295538
8295563
8295685
8295704
8295874
8295929
8295939
8296010
8296319
8296410
8296914
8298243
8298256
8298329
8298357
8298378
8298719
8298915
8299266
8303769
8303812
8304692
8304765
8304909
8304999
8305055
8305123
8305146
8305248
8305339
8305360
8305451
8305554
8305560
8305634
8305930
8306076
8306095
8306111
8306176
8306192
8306210
8306273
8306294
8306469
8306485
8306624
8306658
8306683
8306689
8306714
8306745
8306875
8306937
8307205
8307324
8307345
8307414
8307424
8307468
8307592
8307628
8307851
8307967
8307985
8307992
8308067
8308138
8308177
8308302
8308392
8308403
8308432
8308473
8308621
8308745
8308753
8308772
8308825
8308837
8308848
8309025
8309131
8309267
8309423
8309486
8309608
8309652
8309790
8309838
8309903
8310062
8310127
8310227
8310268
8310306
8310360
8310533
8310720
8310763
8310804
8310957
8311024
8311039
8311138
8311191
8311250
8311535
8311544
8311572
8311708
8311752
8311835
8312000
8312042
8312154
8312304
8312453
8312634
8312874
8312897
8312904
8312982
8313038
8313138
8313174
8313264
8313272
8313281
8313293
8313317
8313349
8313459
8313698
8313732
8313798
8313919
8313959
8314047
8314056
8314155
8314190
8314224
8314293
8314360
8314371
8314472
8314496
8314508
8314551
8314593
8314675
8314721
8314776
8314963
8315003
8315036
8315063
8315214
8315257
8315335
8315377
8315385
8315557
8315818
8315849
8316052
8316067
8316096
8316160
8316350
8316428
8316495
8316538
8316606
8317043
8317062
8317120
8317375
8317413
8317474
8317494
8317755
8317816
8317843
8318268
8318341
8318440
8318737
8318744
8318835
8319054
8319124
8319173
8319181
8319295
8319653
8319814
8319983
8320042
8320106
8320194
8320238
8320349
8320454
8320642
8320877
8321051
8321216
8321826
8322113
8322366
8322659
8322929
8323333
8323935
8324093
8324174
8324283
8324318
8324402
8324729
8324807
8324827
8324834
8324942
8325013
8325025
8325037
8325266
8325393
8325464
8325585
8325595
8325654
8325677
8325757
8325995
8328038
8328429
8328857
8329508
8329514
8329564
8329808
8329878
8329909
8329916
8330100
8330259
8330286
8330336
8330435
8330466
8330478
8330553
8330572
8330676
8330773
8330928
8330962
8331014
8331316
8331395
8331401
8331436
8331500
8331531
8331677
8331858
8331891
8331917
8332002
8332012
8332038
8332073
8332155
8332221
8332238
8332287
8332414
8332659
8332764
8332770
8332947
8332989
8333035
8333225
8333391
8333410
8333493
8333694
8333796
8334195
8334516
8334598
8334739
8335046
8335160
8335235
8335256
8335306
8335518
8335748
8335804
8336058
8336080
8336094
8336124
8336159
8336273
8336286
8336401
8336485
8336503
8336512
8336519
8336530
8336573
8336582
8336597
8336621
8336654
8336803
8336811
8336837
8336843
8336857
8336867
8336896
8336904
8336924
8336930
8336964
8336989
8336995
8337012
8337032
8337038
8337056
8337070
8337079
8337097
8337107
8337150
8337162
8337169
8337190
8337197
8337203
8337236
8337277
8337298
8337308
8337315
8337321
8337339
8337358
8337364
8337389
8337399
8337410
8337431
8337438
8337452
8337510
8337540
8337548
8337559
8337569
8337584
8337593
8337607
8337617
8337623
8337631
8337641
8337647
8337675
8337685
8337692
8337703
8337714
8337729
8337738
8337745
8337767
8337773
8337782
8337795
8337823
8337829
8337846
8337852
8337866
8337875
8337881
8337894
8337903
8337913
8337919
8337927
8337943
8337952
8337972
8337980
8337987
8337994
8338002
8338009
8338035
8338079
8338086
8338111
8338138
8338147
8338155
8338165
8338185
8338209
8338248
8338256
8338274
8338291
8338320
8338336
8338354
8338360
8338368
8338386
8338400
8338406
8338422
8338436
8338442
8338460
8338466
8338472
8338480
8338512
8338525
8338533
8338558
8338565
8338585
8338599
8338608
8338615
8338635
8338662
8338685
8338692
8338698
8338713
8338729
8338753
8338759
8338785
8338791
8338802
8338825
8338833
8338844
8338852
8338866
8338880
8338901
8338907
8338925
8338952
8338964
8338981
8338995
8339003
8339009
8339028
8339054
8339066
8339088
8339094
8339110
8339116
8339123
8339143
8339175
8339193
8339200
8339214
8339234
8339255
8339262
8339273
8339310
8339320
8339332
8339345
8339360
8339385
8339400
8339407
8339415
8339453
8339460
8339481
8339489
8339505
8339519
8339527
8339541
8339573
8339638
8339645
8339659
8339665
8339695
8339709
8339715
8339721
8339732
8339739
8339760
8339779
8339785
8339822
8339867
8339888
8339907
8339919
8339930
8339936
8339949
8339956
8339998
8340021
8340034
8340042
8340073
8340081
8340093
8340105
8340116
8340122
8340152
8340158
8340179
8340190
8340200
8340219
8340266
8340272
8340280
8340286
8340305
8340311
8340340
8340354
8340393
8340444
8340454
8340474
8340499
8340507
8340515
8340528
8340589
8340596
8340605
8340613
8340631
8340658
8340668
8340680
8340714
8340762
8340769
8340806
8340815
8340879
8340910
8340920
8340926
8340939
8340951
8340957
8340967
8340991
8341003
8341038
8341056
8341067
8341076
8341104
8341113
8341145
8341151
8341184
8341193
8341225
8341262
8341292
8341305
8341345
8341418
8341459
8341512
8341543
8341585
8341616
8341642
8341665
8341713
8341762
8341792
8341818
8341829
8341835
8341848
8341884
8341914
8341922
8341973
8342016
8342022
8342054
8342077
8342083
8342145
8342191
8342226
8342240
8342256
8342268
8342301
8342308
8342331
8342342
8342409
8342422
8342469
8342497
8342527
8342591
8342610
8342669
8342675
8342696
8342746
8342760
8342781
8342810
8342886
8342900
8342917
8342931
8342966
8343002
8343048
8343065
8343089
8343140
8343155
8343175
8343183
8343214
8343242
8343250
8343256
8343320
8343343
8343361
8343405
8343414
8343425
8343463
8343494
8343523
8343574
8343621
8343644
8343667
8343802
8343822
8343840
8343848
8343897
8343975
8343984
8344035
8344071
8344091
8344117
8344147
8344189
8344281
8344340
8344350
8344401
8344448
8344459
8344518
8344540
8344561
8344592
8344611
8344628
8344660
8344671
8344679
8344781
8344811
8344817
8344832
8344842
8344891
8344966
8344982
8345006
8345032
8345047
8345064
8345086
8345102
8345296
8345357
8345368
8345491
8345533
8345548
8345571
8345691
8345725
8345769
8345786
8345812
8345878
8345902
8345931
8346004
8346019
8346033
8346195
8346221
8346230
8346251
8346264
8346285
8346417
8346435
8346530
8346542
8346562
8346583
8346623
8346714
8346757
8346779
8346810
8346942
8347082
8347151
8347478
8347540
8347557
8347578
8347610
8347666
8347892
8347915
8348006
8348068
8348117
8348329
8348367
8348411
8348446
8348470
8348511
8348557
8348580
8348626
8348661
8348716
8348741
8348794
8348975
8349223
8349471
8349514
8349614
8349654
8349713
8349823
8349905
8349953
8350061
8350094
8350149
8350170
8350186
8350224
8350240
8350248
8350254
8350281
8350292
8350331
8350436
8350628
8350654
8350814
8350829
8350942
8350957
8351000
8351033
8351148
8351162
8351201
8351213
8351256
8351283
8351313
8351369
8351385
8351441
8351448
8351560
8351569
8351612
8351626
8351638
8351688
8351761
8351767
8351773
8351820
8351846
8351869
8351902
8351956
8352110
8352138
8352182
8352188
8352215
8353248
8353257
8353276
8353286
8353299
8353305
8353358
8353375
8353608
8353706
8353899
8353985
8354000
8354034
8354068
8354090
8354100
8354160
8354174
8354199
8354338
8354395
8354430
8354472
8354534
8354563
8354729
8354740
8355217
8356119
8356167
8356542
8356626
8356695
8356717
8356742
8356770
8356866
8356872
8356878
8357035
8357059
8357089
8357142
8357197
8357324
8357640
8357648
8357665
8357686
8357704
8357769
8357815
8357990
8358143
8358216
8358238
8358253
8358304
8358520
8358558
8358812
8358825
8358844
8358935
8358993
8359052
8359068
8359209
8359283
8359334
8359341
8359369
8359388
8359439
8359481
8359497
8359609
8359647
8359683
8359746
8359802
8359887
8359944
8360146
8360243
8360326
8360339
8360363
8360385
8360391
8360433
8360450
8360490
8360502
8360680
8360726
8360757
8360844
8360883
8360908
8360978
8360988
8361080
8361118
8361164
8361223
8361287
8361486
8361537
8361556
8361572
8361603
8361645
8361746
8361888
8362002
8362084
8362174
8362270
8362315
8362330
8362393
8362433
8362479
8362486
8362526
8362539
8362571
8362587
8362610
8362774
8362794
8362941
8362955
8362998
8363089
8363164
8363223
8363273
8363391
8363456
8363559
8363576
8363686
8363728
8363790
8363811
8363850
8363876
8364135
8364190
8364211
8364223
8364327
8364357
8364416
8364428
8364464
8364535
8364717
8364737
8364744
8364787
8364826
8364842
8364867
8364936
8364947
8364990
8365024
8365052
8365085
8365131
8365219
8365353
8365408
8365418
8365453
8365546
8365563
8365670
8365698
8365740
8365775
8365825
8365866
8365923
8365934
8365964
8366091
8366099
8366144
8366156
8366176
8366195
8366242
8366294
8366370
8366461
8366527
8366681
8366722
8366831
8366937
8366964
8366971
8367007
8367055
8367127
8367399
8367477
8367483
8367634
8367660
8367773
8367788
8367823
8367835
8367886
8367981
8368121
8368200
8368264
8368314
8368403
8368427
8368458
8368464
8368470
8368511
8368523
8368600
8369425
8369474
8369689
8370104
8370148
8370184
8370207
8370303
8370341
8370529
8370599
8370693
8370810
8370846
8371182
8371408
8371601
8371622
8371652
8371693
8371741
8372139
8372231
8372348
8372526
8372618
8372744
8372850
8372887
8372966
8372977
8373266
8373283
8373365
8373401
8373434
8373509
8373552
8373560
8373611
8373641
8373648
8373680
8373692
8373706
8373830
8373929
8373963
8373976
8374008
8375163
8375175
8375291
8375339
8375359
8375509
8375607
8375628
8375656
8375671
8375816
8376658
8376671
8376741
8376845
8376970
8377103
8377223
8377288
8377336
8377349
8377392
8377572
8377618
8377642
8377707
8377758
8377788
8377846
8377987
8378012
8378080
8378114
8378221
8378228
8378294
8378351
8378429
8378471
8378481
8378508
8378552
8378561
8378611
8378620
8378676
8378737
8378743
8378756
8378784
8378807
8378887
8378912
8379014
8379029
8379037
8379073
8379083
8379094
8379101
8379158
8379186
8379197
8379229
8379236
8379268
8379330
8379433
8379490
8379547
8379723
8379730
8379793
8379879
8379888
8379897
8379988
8379997
8380057
8380139
8380294
8380310
8380345
8380431
8380508
8380586
8380626
8380641
8380649
8380685
8380851
8380857
8380867
8380903
8381316
8381392
8381399
8381417
8381450
8381474
8381593
8381657
8381692
8381736
8381787
8381865
8382055
8382222
8382356
8382419
8382473
8382527
8382570
8382668
8382690
8382754
8382855
8383188
8383252
8383363
8383462
8383468
8383475
8383749
8383863
8383952
8384211
8384251
8384295
8384444
8384812
8384858
8384971
8385060
8385074
8385196
8385339
8385394
8385428
8385516
8385527
8385539
8385551
8385574
8385750
8385833
8385921
8386014
8386099
8386266
8386287
8386295
8386329
8386551
8386608
8386717
8386768
8386929
8386954
8387021
8387034
8387061
8387169
8387357
8387395
8387513
8387686
8387732
8387914
8388028
8388397
8388459
8388465
8388800
8388873
8388918
8389045
8389187
8389199
8389218
8389235
8389604
8389615
8389638
8389671
8390217
8390270
8390505
8390940
8391096
8391127
8391371
8391440
8391570
8392012
8392057
8392072
8392176
8392221
8392229
8392330
8392580
8392775
8392791
8392888
8392975
8393086
8393169
8393205
8393238
8393369
8393675
8393692
8393724
8393759
8393865
8394061
8394154
8394299
8394977
8394997
8395053
8395059
8395281
8395328
8395527
8395655
8395752
8395794
8395881
8395891
8396033
8396138
8396478
8396553
8396596
8396614
8396632
8396662
8396870
8397094
8397272
8397317
8397450
8397467
8397586
8397683
8397827
8397846
8397993
8398083
8398965
8398984
8399135
8399385
8399455
8400166
8400197
8400448
8400644
8400932
8401308
8401445
8401518
8401710
8402280
8402517
8402562
8402876
8403108
8403328
8403428
8403561
8403778
8403836
8403887
8403973
8404000
8404041
8404056
8404079
8404102
8404112
8404125
8404131
8404195
8404212
8404251
8404260
8404266
8404294
8404300
8404313
8404339
8404377
8404391
8404439
8404445
8404458
8404464
8404475
8404500
8404595
8404619
8404627
8404634
8404641
8404660
8404669
8404696
8404705
8404735
8404741
8404749
8404756
8404789
8404804
8404814
8404841
8404859
8404897
8404904
8404913
8404923
8404930
8404944
8404997
8405003
8405010
8405018
8405093
8405099
8405114
8405155
8405161
8405169
8405179
8405209
8405327
8405339
8405365
8405377
8405410
8405445
8405462
8405470
8405485
8405512
8405543
8405582
8405617
8405625
8405671
8405698
8405720
8405729
8405785
8405800
8405931
8405943
8406011
8406017
8406084
8406119
8406152
8406189
8406235
8406265
8406274
8406324
8406332
8406394
8406486
8406515
8406587
8406642
8406670
8406774
8406796
8406836
8406870
8406877
8406916
8406959
8407052
8407099
8407132
8407196
8407208
8407224
8407593
8407676
8407775
8407853
8407949
8407955
8408000
8408207
8408508
8408574
8408605
8408653
8408710
8408760
8408900
8409054
8409101
8409201
8409268
8409339
8409464
8409706
8409801
8410148
8410295
8410373
8410483
8410648
8410660
8410754
8410938
8411163
8411343
8411404
8411513
8411869
8412118
8412658
8412754
8412882
8412937
8413106
8413129
8413205
8413225
8413258
8413410
8413501
8413532
8413585
8413657
8413730
8413818
8413827
8413939
8413997
8414160
8414251
8414297
8414388
8414565
8414805
8415200
8415335
8415344
8415406
8415416
8415677
8416608
8416645
8416809
8416910
8417023
8417110
8417122
8417175
8417441
8417477
8417858
8418159
8418244
8418272
8418834
8418959
8418995
8419561
8419570
8419718
8419958
8420164
8420246
8420388
8420485
8420514
8420520
8420705
8420771
8421235
8421277
8421518
8421655
8421694
8421766
8421793
8422109
8422118
8422189
8422341
8422392
8422414
8422551
8422613
8422750
8422891
8422967
8423417
8423642
8423855
8423911
8423928
8423992
8424077
8424446
8424564
8425006
8425103
8425247
8425278
8425690
8426535
8428192
8428419
8428683
8428714
8428944
8428961
8429209
8429215
8429423
8429706
8429740
8429938
8430410
8430599
8430837
8431063
8431148
8431259
8431615
8431798
8431909
8432326
8432557
8432725
8432768
8432868
8432990
8433560
8434235
8434265
8434538
8435035
8435214
8435255
8435262
8435609
8436209
8436368
8436440
8436515
8437127
8437156
8437317
8437416
8437659
8437987
8437995
8438768
8439323
8439421
8439621
8439680
8439924
8440098
8440274
8440337
8440415
8440745
8441140
8441231
8441450
8441615
8441680
8442147
8442864
8442939
8442957
8443020
8443478
8443689
8443698
8444354
8444794
8444965
8445005
8445519
8445557
8445959
8445972
8445994
8446057
8446068
8446188
8446510
8446594
8446673
8446686
8446994
8447185
8447478
8447525
8447648
8447737
8447767
8447876
8448190
8448464
8448703
8448776
8448888
8449076
8449309
8449345
8449723
8449762
8449844
8449941
8449961
8450340
8450507
8452931
8452949
8452961
8453694
8453807
8453869
8453922
8454426
8454627
8454673
8454869
8454939
8455025
8455082
8455188
8455277
8455557
8455880
8455907
8455920
8456460
8456531
8456557
8456603
8456651
8456732
8456770
8456948
8457095
8457203
8457376
8458245
8458317
8458715
8458846
8458883
8458890
8459007
8459108
8459215
8459302
8459365
8459372
8459456
8459481
8459497
8459750
8459830
8459897
8459961
8460128
8460285
8460455
8460490
8460531
8460616
8460657
8460891
8461002
8461061
8461101
8461133
8461212
8461244
8461281
8461330
8461351
8461363
8461404
8461418
8461466
8461663
8461844
8461961
8462010
8462053
8462322
8462509
8462600
8462740
8462771
8462781
8462815
8463021
8463047
8463131
8463191
8463223
8463229
8463268
8463317
8463458
8463686
8463961
8464027
8464367
8464431
8464505
8464535
8464712
8464870
8465035
8465348
8465401
8465500
8465547
8465634
8465645
8465713
8465885
8465938
8466013
8466034
8466063
8466114
8466218
8466258
8466272
8466392
8466406
8466468
8466857
8466894
8466945
8467093
8467269
8467293
8467378
8467576
8467647
8467933
8467953
8467985
8468033
8468129
8468280
8468419
8468524
8468561
8468620
8468706
8468770
8468799
8468830
8468873
8468889
8469187
8469360
8469501
8469531
8469566
8469685
8469720
8469759
8469793
8469947
8469969
8469976
8470102
8470175
8470273
8470351
8470967
8471270
8471277
8471390
8471418
8471507
8471526
8471731
8471802
8471852
8471877
8472031
8472069
8472075
8472277
8472296
8472313
8472336
8472392
8472438
8472589
8472818
8472836
8472859
8472886
8472900
8472932
8473002
8473044
8473116
8473330
8473472
8473489
8473495
8473547
8473982
8474215
8474257
8474278
8474331
8474481
8474524
8474916
8475092
8475142
8475158
8475251
8475355
8475449
8475679
8475765
8475851
8476011
8476037
8476134
8476140
8476348
8478548
8478906
8478981
8479249
8479315
8479409
8479440
8479819
8479842
8479921
8479927
8479967
8480029
8480113
8480258
8480264
8480286
8480378
8480459
8480470
8480546
8481045
8481124
8481262
8481296
8481398
8481471
8481479
8481497
8481582
8481604
8481624
8481686
8481698
8481732
8481762
8481785
8481968
8482101
8482329
8482369
8482543
8482616
8482939
8483441
8483626
8483762
8484588
8484667
8484695
8484806
8485100
8485249
8485262
8485398
8485471
8485536
8485621
8485688
8485696
8485897
8485947
8486017
8486048
8486095
8486153
8486212
8486311
8486341
8486452
8486592
8486605
8486620
8486700
8486754
8486849
8486907
8486955
8486999
8487024
8487030
8487260
8487308
8487314
8487326
8487670
8487676
8487746
8487776
8487837
8487938
8488045
8488196
8488230
8488336
8488356
8488394
8488410
8488448
8488639
8488652
8488765
8488783
8488979
8489091
8489234
8489273
8489591
8489615
8489725
8489809
8489829
8489980
8490137
8490205
8490326
8490374
8490482
8490560
8490566
8490597
8490613
8490626
8490652
8490663
8490741
8490765
8490788
8490825
8490831
8490839
8490861
8490948
8491094
8491258
8491384
8491536
8491755
8491837
8491859
8491906
8492179
8492386
8492508
8492562
8492706
8492965
8493037
8493054
8493064
8493299
8493424
8493483
8493609
8493735
8494131
8494178
8494203
8494273
8494457
8494768
8494789
8494856
8494895
8494956
8495054
8495071
8495173
8495315
8495372
8495396
8495637
8495657
8495747
8495762
8496134
8496254
8496457
8496709
8496751
8496905
8496976
8497164
8497184
8497254
8497629
8497686
8497692
8497754
8497791
8497842
8497938
8498032
8498039
8498222
8498262
8498272
8498287
8498507
8498562
8498610
8498695
8498703
8498723
8498787
8498798
8498811
8499045
8499105
8499176
8499194
8499360
8499471
8499581
8499679
8499999
8500012
8500055
8500068
8501227
8501451
8501513
8501600
8501623
8501809
8501882
8502040
8502102
8502198
8502303
8502367
8502556
8502609
8502787
8502929
8502962
8502968
8504472
8504681
8504723
8504810
8504861
8505524
8505828
8506055
8506181
8506284
8506310
8506332
8506465
8506489
8506823
8506852
8506873
8506977
8506988
8506996
8507018
8507034
8507052
8507058
8507064
8507071
8507077
8507088
8507115
8507131
8507139
8507147
8507174
8507181
8507187
8507196
8507212
8507219
8507238
8507244
8507254
8507268
8507283
8507292
8507340
8507362
8507386
8507424
8507447
8507468
8507583
8507621
8507666
8507689
8507701
8507714
8507758
8507770
8507821
8507869
8507925
8507946
8507987
8508010
8508083
8508125
8508200
8508206
8508292
8508419
8508496
8508541
8508580
8508600
8508624
8508683
8508710
8508741
8508749
8508759
8508825
8508847
8508926
8509020
8509060
8509094
8509389
8509517
8509715
8509797
8509872
8509906
8509969
8509989
8510063
8510218
8510225
8510257
8510305
8510475
8510623
8510660
8510740
8510808
8510840
8510897
8511011
8511028
8511050
8511061
8511097
8511152
8511173
8511213
8511275
8511326
8511392
8511438
8511509
8511553
8511577
8511785
8511829
8511932
8512102
8512204
8512257
8512295
8512345
8512352
8512456
8512610
8512857
8512868
8512908
8513102
8513231
8513251
8513317
8513327
8513340
8513391
8513525
8513610
8513682
8513725
8513898
8513925
8513972
8514053
8514126
8514222
8514296
8514313
8514463
8514478
8514485
8514612
8514657
8514712
8514760
8514880
8514916
8514978
8515051
8515066
8515087
8515094
8515129
8515191
8515374
8515429
8515449
8515511
8515615
8515711
8515819
8515848
8515873
8515885
8515894
8515931
8515966
8516034
8516054
8516061
8516090
8516125
8516156
8516219
8516235
8516269
8516275
8516347
8516368
8516404
8516445
8516541
8516678
8516685
8516701
8516737
8516779
8516880
8516895
8517041
8517070
8517157
8517205
8517230
8517267
8517424
8517438
8517534
8517547
8517674
8517714
8517780
8517830
8517842
8517932
8517984
8518017
8518043
8518207
8518366
8518580
8518695
8518865
8518895
8518940
8518952
8519042
8519245
8519269
8519275
8519295
8519768
8519880
8520012
8520052
8520186
8520245
8520319
8520364
8520438
8520494
8520552
8520578
8520606
8520858
8520900
8520908
8521053
8521187
8521420
8521549
8521565
8521665
8521681
8521744
8521836
8521867
8521873
8521935
8521955
8521981
8522369
8522555
8522651
8522692
8522854
8522977
8523026
8523118
8523124
8523170
8523257
8523314
8523346
8523423
8523582
8523595
8523646
8523751
8523818
8523848
8523866
8523942
8523980
8524102
8524170
8524297
8524408
8524429
8524556
8524654
8524681
8524709
8524818
8524975
8525008
8525051
8525082
8525145
8525290
8525328
8525365
8525407
8525530
8525614
8525631
8525932
8525938
8525956
8526064
8526095
8526146
8526200
8526246
8526380
8526418
8526467
8526760
8526843
8526933
8527118
8527226
8527236
8527489
8527570
8527721
8527987
8528037
8528165
8528188
8528459
8528502
8530288
8530332
8530482
8530651
8530717
8530810
8530927
8530973
8531064
8531090
8531119
8531131
8531199
8531230
8531243
8531339
8531957
8532001
8532236
8532379
8532440
8532469
8532539
8532710
8532924
8532962
8533245
8533389
8533512
8533537
8533665
8533722
8533825
8533972
8534021
8534051
8534071
8534143
8534278
8534364
8534373
8534431
8534559
8534589
8534737
8534917
8535089
8535270
8535446
8536449
8536608
8536733
8536747
8536812
8536857
8537137
8537223
8537268
8537331
8537401
8537605
8537700
8537816
8537845
8537920
8537930
8538147
8538349
8538468
8538539
8538651
8538664
8538733
8538752
8538894
8538925
8538961
8539005
8539032
8539199
8539315
8539336
8539353
8539456
8539554
8539650
8539678
8539821
8539932
8539938
8539993
8540057
8540133
8540298
8540362
8540376
8540595
8540719
8540783
8540816
8541029
8541305
8541345
8541371
8541563
8541578
8541606
8541720
8541758
8541777
8542041
8542143
8542181
8542257
8542282
8542377
8542402
8542540
8542547
8542571
8542807
8542813
8542827
8542936
8543042
8543088
8543120
8543149
8543394
8543415
8543489
8543613
8543628
8543648
8543696
8543715
8543919
8544034
8544184
8544192
8544214
8544239
8544363
8544395
8544436
8544463
8544662
8544676
8544971
8545044
8545103
8545229
8545237
8545260
8545289
8545337
8545354
8545380
8545476
8545611
8545831
8545881
8545943
8545962
8545972
8546050
8546134
8546390
8546434
8546527
8546597
8546696
8546913
8546988
8547041
8547060
8547097
8547111
8547122
8547137
8547180
8547675
8547801
8547930
8548016
8548068
8548106
8548200
8548212
8548321
8548555
8548647
8548685
8548882
8548899
8548924
8549083
8549160
8549632
8549727
8550040
8550060
8550283
8550544
8550743
8550789
8550799
8550805
8550882
8551028
8551108
8551408
8551689
8551934
8552168
8552276
8552421
8552708
8552724
8553199
8553512
8553680
8553748
8553899
8553980
8554404
8554417
8554477
8554768
8554774
8554918
8555392
8555415
8555486
8557665
8557908
8558077
8558105
8558172
8558184
8558402
8558794
8558820
8558955
8558963
8559365
8559632
8559748
8560110
8560174
8560195
8560215
8560252
8560296
8560312
8560444
8560464
8560495
8560586
8560726
8560894
8561035
8561085
8561343
8561374
8561437
8561707
8561799
8562275
8562286
8562321
8562383
8562391
8562398
8562518
8562542
8562567
8562758
8562989
8563190
8563307
8563387
8563424
8563430
8563737
8563793
8563847
8563865
8564179
8564198
8564240
8564272
8564364
8564391
8564412
8564667
8564688
8564727
8564809
8564840
8564988
8565006
8565126
8565214
8565535
8565572
8565632
8565711
8565948
8566001
8566184
8566380
8566443
8566593
8566599
8566693
8566702
8566816
8566890
8566953
8567030
8567050
8567165
8567826
8567905
8568019
8568096
8568131
8568268
8568450
8568889
8569802
8570080
8570210
8570327
8570549
8570624
8570651
8570713
8570800
8570961
8570976
8571221
8571247
8571365
8571576
8571812
8571896
8571989
8572268
8572707
8573007
8573315
8573334
8573361
8573453
8573679
8573729
8573747
8573888
8574081
8574165
8574322
8574362
8574523
8574615
8574733
8574745
8574880
8574923
8575160
8575208
8575271
8575284
8575743
8575804
8575937
8575966
8576042
8576064
8576839
8576877
8577024
8577338
8577594
8577781
8577856
8577879
8578067
8578094
8578137
8578428
8578546
8578614
8578636
8578725
8578746
8578771
8578845
8579066
8579216
8579340
8579348
8579358
8579519
8579664
8579682
8579723
8579851
8579863
8579971
8579978
8580027
8580331
8580691
8580697
8581009
8581140
8581154
8581185
8581430
8581934
8581965
8582055
8582302
8582324
8582439
8582511
8582700
8582719
8582849
8582970
8583005
8584647
8585155
8585209
8585287
8585324
8585438
8585507
8585713
8585999
8586054
8586152
8586223
8586311
8586338
8586444
8586674
8586805
8587335
8587388
8587783
8587789
8587865
8587895
8588128
8588361
8588394
8588472
8588773
8588992
8589097
8589120
8589130
8589189
8589253
8589307
8589326
8589367
8589409
8589454
8589469
8589485
8589494
8589510
8589547
8589563
8589571
8589580
8589590
8589598
8589629
8589666
8589722
8589733
8589771
8589778
8589788
8589810
8589819
8589831
8589858
8589864
8589873
8590016
8590023
8590031
8590047
8590061
8590114
8590162
8590221
8590254
8590271
8590288
8590342
8590451
8590599
8590690
8590816
8590841
8590872
8591073
8591246
8591255
8591288
8591294
8591411
8591462
8591609
8591687
8591767
8591945
8591994
8592017
8592139
8592233
8592256
8592339
8592400
8592560
8592575
8592593
8592681
8592761
8593025
8593294
8593360
8593413
8593599
8593651
8593667
8593688
8593762
8593837
8593891
8594049
8594146
8594482
8594566
8594672
8594694
8594701
8594921
8595029
8595230
8595383
8595621
8595647
8595834
8595914
8595930
8595985
8596390
8596513
8596525
8596578
8596589
8596607
8596932
8596959
8597081
8597222
8597375
8597404
8597434
8597444
8597646
8597972
8598103
8598140
8598487
8598500
8599018
8599405
8599454
8599552
8599649
8599724
8599758
8599789
8600202
8600388
8600769
8601338
8601378
8601567
8602368
8602630
8602759
8602929
8603181
8603739
8603809
8604048
8604223
8604252
8604328
8604430
8604477
8605058
8605071
8605164
8605551
8605684
8605722
8605736
8605827
8605936
8606074
8606100
8606115
8606146
8606836
8607101
8607198
8607211
8607269
8607710
8607751
8607906
8607936
8607999
8608110
8608201
8608434
8608454
8608460
8608466
8608472
8608479
8608484
8608867
8608918
8608944
8608962
8609058
8609177
8609186
8609206
8609352
8609545
8609623
8609741
8610141
8610197
8612404
8612920
8613090
8613213
8613349
8613422
8613515
8613556
8613780
8613819
8613962
8614173
8614381
8614719
8614932
8614941
8615019
8615054
8615357
8615369
8615379
8615408
8615621
8615686
8616056
8616747
8616779
8616889
8616915
8617288
8617483
8617526
8617984
8618042
8618328
8618462
8618515
8618735
8618983
8619064
8619170
8619288
8619322
8619344
8619378
8619428
8619736
8620179
8620355
8620727
8620858
8621002
8621523
8621778
8622112
8622390
8622610
8622706
8623273
8623362
8623766
8623924
8623974
8623987
8624171
8624432
8624504
8624524
8624631
8624761
8624830
8625009
8625461
8626350
8626912
8627373
8627442
8627565
8627821
8628269
8628492
8628922
8629064
8629363
8629398
8629672
8629691
8629756
8629822
8630245
8630282
8630847
8630961
8631180
8631250
8631320
8631427
8631517
8631687
8631913
8631960
8632341
8632367
8632406
8632490
8632559
8632674
8632717
8633411
8633479
8633663
8633837
8634150
8635525
8636170
8636627
8636676
8636746
8636988
8637105
8637308
8637441
8637488
8637668
8637839
8637974
8638111
8638139
8638180
8638307
8638399
8638410
8638427
8638449
8638468
8638632
8638773
8638888
8638914
8638967
8639056
8639091
8639144
8639150
8639170
8639293
8639406
8639505
8639552
8639576
8639583
8639594
8639631
8639699
8639741
8639753
8639786
8639822
8640330
8640365
8640413
8640459
8640554
8640565
8640867
8641229
8641336
8641356
8641437
8641570
8641661
8641761
8641866
8641878
8642154
8642547
8642634
8642659
8642800
8642889
8643007
8643088
8643357
8643433
8643505
8643514
8643522
8643606
8643697
8643944
8644011
8644147
8644178
8644384
8644423
8644456
8644500
8644718
8644865
8644901
8645257
8645281
8645665
8645687
8645819
8646120
8646156
8646319
8646332
8646353
8646427
8646709
8646744
8647000
8647062
8647079
8647088
8647136
8647168
8647231
8647248
8647257
8647284
8647523
8647545
8647551
8647633
8647958
8647964
8648703
8648724
8648730
8648752
8648781
8648788
8648902
8648953
8648996
8649007
8649218
8649243
8649312
8649508
8649586
8649625
8649670
8649679
8649700
8649707
8649713
8649822
8649867
8650036
8650083
8650095
8650148
8650198
8650221
8650260
8650294
8650316
8650574
8650645
8650710
8650725
8650789
8650846
8650855
8650923
8650956
8651067
8651133
8651170
8651200
8651214
8651231
8651307
8651315
8651478
8651487
8651657
8651857
8651916
8651966
8652011
8652067
8652452
8652592
8652600
8652628
8652707
8652869
8652890
8652951
8652979
8653019
8653203
8653294
8653484
8653629
8653640
8653715
8653884
8654005
8654047
8654328
8654367
8654537
8654563
8654648
8654670
8654798
8654814
8654861
8654989
8655047
8655072
8655173
8655531
8655587
8655645
8655857
8655940
8656022
8656172
8656370
8656443
8656578
8656597
8656783
8656804
8656897
8656990
8657276
8657289
8657299
8657310
8657344
8657478
8657533
8657576
8657588
8657669
8657724
8658002
8658200
8658347
8658368
8658455
8658489
8658539
8658621
8659058
8659264
8659287
8659342
8659448
8659518
8659524
8659870
8660178
8660810
8660865
8661364
8662881
8662958
8663004
8663134
8663415
8663467
8663511
8663525
8663608
8663650
8663785
8663817
8663989
8664008
8664107
8664154
8664492
8664526
8664591
8664797
8664901
8664908
8665024
8665067
8665087
8665118
8665144
8665165
8665202
8665211
8665443
8665502
8665565
8665576
8665818
8665876
8665919
8665931
8666061
8666099
8666126
8666203
8666223
8666249
8666450
8666583
8666613
8666635
8666647
8666669
8666854
8666882
8666901
8667023
8667093
8667142
8667314
8667347
8667373
8667500
8667519
8667571
8667603
8667630
8667661
8667818
8667868
8668085
8668193
8668226
8668239
8668247
8668339
8668383
8668497
8668504
8668631
8668655
8668685
8668691
8668719
8668871
8668932
8668964
8669112
8669146
8669165
8669354
8669369
8669375
8669439
8669494
8669528
8669617
8669738
8669828
8669956
8670208
8670242
8670261
8670376
8670514
8670856
8671031
8671048
8671176
8671637
8671658
8671690
8671764
8671842
8671932
8672213
8672228
8672388
8672482
8672529
8672603
8672642
8672675
8672685
8672769
8672823
8672842
8672935
8672969
8673121
8673159
8673169
8673181
8673240
8673259
8673270
8673306
8673316
8673332
8673348
8673354
8673426
8673472
8673483
8673504
8673583
8673671
8673720
8673755
8673761
8673867
8673977
8674912
8674971
8675214
8675223
8675237
8675262
8675276
8675284
8675293
8675445
8675522
8675535
8675632
8675714
8675734
8675788
8675877
8675894
8675911
8676014
8676043
8676056
8676079
8676102
8676189
8676383
8676504
8676526
8676584
8676609
8676749
8676943
8676960
8677050
8677151
8677161
8677289
8677333
8677343
8677355
8677368
8677428
8677517
8677537
8677560
8677579
8677721
8677762
8677785
8677802
8677834
8678019
8678029
8678081
8678143
8678227
8678293
8678309
8678321
8678365
8678405
8678415
8678458
8678571
8678603
8678675
8678709
8678775
8678977
8679057
8679140
8679276
8679330
8679349
8679428
8679506
8679603
8679627
8679697
8679814
8679908
8679951
8680069
8680233
8680324
8680584
8680756
8680852
8680883
8680922
8680951
8681031
8681093
8681184
8681437
8681589
8681706
8681719
8681832
8681930
8682090
8682187
8682274
8682372
8682378
8682405
8682549
8682590
8682775
8682812
8682830
8682844
8682866
8682915
8683303
8683542
8683549
8683625
8683714
8683739
8683817
8683907
8683920
8683929
8683974
8683983
8684146
8684180
8684299
8684344
8684409
8684446
8684470
8684486
8684554
8684596
8684748
8684911
8684987
8685023
8685138
8685201
8685744
8685796
8685924
8686206
8686506
8686622
8686759
8686775
8687016
8687039
8687128
8687148
8687781
8688272
8689678
8690448
8690457
8690542
8690988
8691715
8691737
8691788
8691804
8691912
8691944
8691979
8692005
8692394
8692414
8692438
8692505
8692516
8692631
8692650
8692656
8692670
8692680
8692710
8692720
8692899
8692966
8693025
8693054
8693062
8693183
8693237
8693422
8693609
8693792
8693818
8693870
8693876
8693891
8693912
8693937
8693943
8693972
8694003
8694043
8694064
8694105
8694146
8694239
8694321
8694363
8694417
8694517
8694561
8694585
8694623
8694662
8694870
8694896
8695035
8695081
8695244
8695478
8695540
8695632
8695722
8695776
8695794
8695833
8695869
8695892
8695898
8695911
8695918
8695943
8695991
8696116
8696168
8696185
8696237
8696274
8696431
8696485
8696568
8696761
8696834
8696872
8696979
8697017
8697146
8697215
8697254
8697260
8697266
8697289
8697313
8697321
8697330
8697348
8697360
8697373
8697386
8697412
8697592
8697618
8697684
8697710
8697721
8697738
8697751
8697784
8697798
8697840
8697905
8697940
8698163
8698216
8698228
8698236
8698398
8698444
8698493
8698701
8698787
8698794
8698877
8698892
8698912
8698932
8698950
8698959
8698980
8699118
8699152
8699187
8699240
8699275
8699284
8699357
8699367
8699411
8699506
8699574
8699603
8699623
8699633
8699708
8699783
8699791
8699812
8699848
8699872
8699898
8699909
8699992
8700002
8700186
8700206
8700229
8700275
8700325
8700336
8700382
8700408
8700441
8700470
8700510
8700608
8700689
8700718
8700787
8700843
8700918
8700964
8701061
8701082
8701094
8701163
8701339
8701368
8701385
8701411
8701453
8701471
8701511
8701720
8701793
8701870
8701898
8701909
8702148
8702355
8702364
8702434
8702492
8702542
8702652
8702701
8702750
8702818
8702883
8703048
8703117
8703164
8703180
8703244
8703316
8703335
8703472
8703499
8703511
8703567
8703792
8703807
8703843
8704046
8704133
8704149
8704248
8704272
8704326
8704448
8704461
8704596
8704617
8704881
8704915
8705003
8705074
8705106
8705133
8705237
8705324
8705362
8705620
8705658
8705931
8706080
8706091
8706194
8706271
8706453
8706585
8706701
8706715
8706816
8706857
8706882
8706923
8706975
8707041
8707429
8707449
8707693
8707752
8707793
8708020
8708100
8708380
8708470
8708520
8708544
8708996
8709279
8709293
8709369
8709458
8709472
8709634
8709677
8709710
8709807
8709841
8709882
8710007
8710060
8710381
8710404
8710450
8710482