5712459
5712542
5712570
5712607
5712755
5712980
5713010
5713052
5713201
5713415
5713991
5714010
5714058
5714160
5714167
5714188
5714254
5714331
5714421
5715533
5715648
5715952
5716088
5716124
5716304
5716373
5716469
5716573
5716672
5716749
5716886
5716936
5716960
5717145
5717197
5717267
5717578
5717735
5717795
5717937
5718111
5718164
5718514
5718567
5718592
5718632
5718642
5718730
5718744
5718859
5718960
5719099
5719168
5719200
5719345
5719442
5719646
5719708
5719922
5719928
5720038
5720575
5723827
5723930
5724068
5724156
5724310
5724380
5724653
5724660
5724796
5725393
5725569
5725617
5725702
5725795
5726138
5726217
5726303
5726357
5726455
5726532
5726904
5727387
5727510
5727566
5727624
5727738
5727765
5728108
5728199
5728378
5728492
5729554
5730034
5730076
5730204
5730211
5730237
5730249
5730278
5730515
5730561
5730649
5730838
5730961
5730971
5731185
5731495
5731529
5731854
5731862
5732191
5732230
5732359
5732493
5733302
5733314
5733459
5733502
5733719
5733854
5733919
5734020
5734046
5734068
5734186
5734343
5734499
5734526
5734557
5734609
5734646
5734655
5734669
5734831
5734926
5734954
5734961
5734985
5735187
5735285
5735302
5735308
5735327
5735365
5735375
5735492
5735501
5735539
5735605
5735621
5735792
5735884
5735959
5736022
5736412
5736530
5736822
5736882
5736907
5737053
5737068
5737130
5737183
5737215
5737242
5737254
5737284
5737301
5737374
5737391
5737419
5737429
5737743
5737818
5737870
5738028
5738280
5742148
5742259
5742295
5742308
5742363
5742449
5742566
5742580
5742619
5742761
5742952
5743135
5743193
5743204
5743210
5743305
5743337
5743575
5743709
5743765
5743819
5744113
5744255
5744267
5744432
5744944
5744951
5744966
5745086
5745260
5745305
5745373
5745390
5745656
5745699
5745806
5745930
5746034
5746043
5746092
5746253
5746412
5746424
5747022
5747113
5747344
5748003
5748024
5748103
5748216
5748892
5749174
5749391
5749496
5749668
5749730
5749762
5750099
5750277
5750299
5750360
5750544
5750730
5750812
5751075
5751262
5751376
5751770
5752337
5752556
5752955
5753341
5753410
5753775
5753945
5754175
5754358
5754446
5754503
5754550
5754637
5754971
5755031
5755162
5755172
5755284
5755355
5755461
5755840
5756408
5756609
5756705
5756759
5756779
5756810
5756947
5757230
5757265
5757362
5757563
5757717
5757966
5757987
5758197
5758249
5758300
5758313
5758377
5758401
5758431
5758486
5758763
5758854
5759016
5759208
5759265
5759400
5759507
5759544
5759726
5759925
5759985
5760092
5760108
5760666
5760674
5760691
5760745
5760756
5761041
5761085
5761300
5761318
5761348
5761461
5761490
5761614
5761944
5761992
5765038
5765159
5765190
5765315
5765356
5765454
5765847
5765922
5765930
5765984
5766008
5766081
5766138
5766223
5766275
5766334
5766416
5766645
5766705
5766897
5767194
5767300
5767311
5767323
5767527
5767863
5767915
5768084
5768110
5768226
5768261
5768303
5768674
5768772
5768805
5768895
5769189
5769222
5769344
5769358
5769481
5770094
5770364
5770516
5770876
5770930
5770971
5771129
5771273
5771455
5771508
5771716
5771726
5771791
5772056
5772063
5772151
5772370
5772497
5772639
5772663
5772745
5772783
5772843
5773046
5773070
5773227
5773237
5773393
5773428
5773537
5773550
5773556
5773586
5773625
5773770
5773876
5773910
5774008
5774206
5774290
5774442
5774478
5774746
5774870
5774962
5775018
5775078
5775084
5775138
5775149
5775246
5775535
5775627
5775647
5775937
5776023
5776071
5776227
5776319
5776606
5776639
5776696
5776729
5777048
5777276
5777386
5777512
5778387
5778552
5778658
5778722
5778760
5778868
5778956
5779109
5779276
5779518
5779580
5779598
5779681
5779800
5779813
5779847
5779853
5779893
5780109
5780123
5780213
5780244
5780452
5780573
5780677
5780793
5780885
5780915
5780953
5781057
5781113
5781166
5781216
5781279
5781299
5781326
5781343
5781368
5781394
5781719
5781855
5783177
5783410
5783440
5783455
5783527
5783671
5783697
5783706
5783754
5783780
5783795
5783844
5783896
5783924
5784079
5784185
5784228
5784290
5784347
5784359
5784374
5784475
5784481
5784548
5784588
5784621
5784699
5784732
5784749
5784900
5785002
5785047
5785426
5785858
5785932
5785991
5786068
5786496
5786592
5786601
5786625
5786691
5786731
5786903
5786946
5788445
5788914
5790241
5790294
5790310
5790594
5790987
5791031
5791145
5791226
5791589
5791652
5791910
5791919
5792186
5792206
5792517
5792523
5792552
5792617
5792633
5792967
5793063
5793178
5793388
5793465
5793730
5794925
5794981
5794987
5794994
5795012
5795081
5795260
5795375
5795385
5795586
5795602
5795864
5795928
5796149
5796210
5796630
5796647
5796839
5796867
5797021
5797064
5797497
5797588
5797813
5797985
5798336
5798410
5798460
5798576
5799077
5799480
5799507
5799717
5799789
5800033
5800273
5800306
5800317
5800455
5800789
5800810
5800854
5800870
5801084
5801389
5801604
5801849
5801855
5801897
5802183
5802349
5802400
5802590
5802669
5802700
5802783
5802811
5802865
5803072
5803085
5803247
5803431
5803457
5803765
5804240
5804350
5804444
5804628
5804772
5804828
5804923
5804942
5805088
5805179
5805205
5805231
5805337
5805343
5805428
5805606
5805768
5805844
5805872
5806168
5806354
5806381
5806398
5806409
5806520
5806550
5806617
5806706
5806712
5806737
5806759
5806778
5806798
5806813
5806850
5806927
5807704
5807736
5808078
5810706
5811060
5811233
5811435
5811501
5811782
5811791
5811910
5812675
5813141
5813431
5813568
5813628
5813946
5814653
5814712
5814804
5814860
5814978
5815169
5815188
5815205
5815290
5815315
5815459
5815926
5816222
5816268
5816332
5816451
5816489
5816511
5816530
5816576
5816595
5817029
5817410
5817540
5817743
5817872
5818151
5818323
5818579
5818601
5818666
5818785
5820106
5820180
5820387
5820650
5820701
5821156
5821188
5821281
5821305
5821313
5821633
5821856
5821954
5823613
5823649
5823670
5823953
5823959
5823969
5824169
5824252
5824290
5824328
5824360
5824450
5824522
5824594
5824670
5824687
5824738
5825049
5825080
5825152
5825219
5825576
5825592
5825768
5825802
5825929
5825991
5826232
5826341
5826377
5826495
5826588
5826593
5826646
5826706
5826796
5826825
5826915
5826966
5827010
5827148
5827295
5827609
5827628
5827652
5827830
5827939
5827971
5827982
5828034
5828052
5828108
5828126
5828447
5828514
5828800
5828943
5829153
5829278
5829297
5829384
5829473
5829480
5829494
5829556
5829862
5829930
5830063
5830070
5830181
5830237
5830267
5830323
5830411
5830470
5830543
5830600
5830674
5830683
5830715
5831231
5831247
5831524
5831605
5832500
5832813
5832968
5833046
5833437
5833536
5833623
5833775
5833974
5834034
5834347
5834356
5834366
5834564
5834651
5834778
5834954
5834988
5835025
5835162
5835259
5835274
5835365
5835626
5835678
5835794
5835817
5835930
5836057
5836253
5836283
5836321
5836345
5836427
5836483
5836499
5836653
5836739
5836783
5836835
5836931
5837246
5837253
5837282
5837321
5837336
5837370
5837389
5837405
5837452
5837460
5837574
5837580
5837694
5837704
5837802
5838187
5838214
5838488
5838524
5838604
5838643
5838833
5838880
5838898
5839110
5839171
5839579
5839642
5839666
5839684
5839777
5839820
5839978
5840010
5840033
5840057
5840070
5840078
5840411
5840419
5840441
5840462
5840478
5840486
5840495
5840840
5840969
5841030
5841042
5841169
5841205
5841366
5841376
5841399
5841500
5841527
5841548
5841677
5841689
5841952
5841992
5842002
5842008
5842067
5842072
5844626
5844633
5844663
5844693
5844814
5845107
5845295
5845453
5845679
5845727
5845789
5845797
5845885
5845920
5845932
5845983
5846364
5846399
5846405
5846622
5847012
5847187
5847217
5847288
5847328
5847406
5847588
5847651
5847760
5847897
5847912
5848088
5848151
5848158
5848169
5848466
5848571
5848737
5848950
5849069
5849142
5849307
5849586
5849697
5849715
5849827
5849882
5849889
5849895
5849901
5849907
5849914
5849933
5849985
5850121
5850153
5850480
5850488
5850539
5850546
5850962
5851021
5851189
5851340
5851346
5851460
5851520
5851727
5851857
5852078
5852161
5852169
5852566
5852623
5852704
5852915
5853006
5853124
5853270
5853490
5853822
5853924
5853942
5854261
5854513
5854554
5854563
5854661
5855017
5855049
5855097
5855225
5855700
5855710
5855724
5855969
5855977
5856019
5856313
5856325
5856331
5856337
5856385
5856429
5856798
5856816
5856830
5858232
5858345
5858413
5858568
5858592
5858623
5858641
5858705
5858795
5858977
5859134
5859271
5859527
5859608
5859996
5860009
5860131
5860185
5860432
5860450
5860623
5860760
5861129
5861493
5861649
5861661
5861715
5861779
5861828
5861875
5861995
5862005
5862024
5862106
5862142
5862174
5862180
5862347
5862414
5862502
5862521
5862533
5862540
5862547
5862553
5862559
5862590
5862596
5862608
5862616
5862628
5862646
5862652
5862659
5862665
5862684
5862691
5862697
5862709
5862715
5862727
5862733
5862739
5862745
5862751
5862757
5862769
5862775
5862781
5862787
5862793
5862799
5862805
5862811
5862822
5862828
5862834
5862840
5862845
5862852
5862865
5862871
5863261
5864772
5865434
5865446
5865500
5865587
5866142
5866408
5867526
5867709
5867801
5867832
5867985
5868002
5868210
5868216
5868238
5868392
5868424
5868432
5868447
5868736
5868745
5868918
5869074
5869089
5869125
5869131
5869161
5869238
5869252
5869261
5869366
5869471
5869553
5869613
5869622
5869679
5869732
5869812
5869878
5869898
5869956
5869988
5870245
5870310
5870428
5870469
5870484
5870567
5870668
5870908
5870947
5871056
5871179
5871196
5871212
5871326
5871404
5871531
5871568
5871589
5871735
5871756
5872056
5872202
5872439
5872668
5872702
5872736
5872793
5872929
5872974
5873031
5873264
5873303
5873502
5873607
5873640
5873690
5874041
5874321
5874413
5874495
5874562
5874583
5874623
5874803
5874886
5874895
5874911
5875018
5875426
5875435
5875633
5875660
5875703
5875741
5875884
5875900
5876018
5876047
5876212
5876445
5877085
5877109
5877248
5877482
5877487
5877503
5877600
5877749
5877882
5877935
5877967
5878087
5878355
5878368
5878498
5878571
5878580
5878703
5878770
5878842
5878866
5878952
5879126
5879169
5879293
5879314
5879356
5879374
5879418
5879641
5879654
5879678
5879744
5879828
5879848
5880083
5880096
5880115
5880297
5880339
5880676
5880820
5881852
5882123
5882165
5882482
5882496
5883884
5884081
5884139
5884256
5884262
5884331
5884681
5884716
5884769
5884806
5884826
5884879
5884900
5885000
5885064
5885147
5885252
5885346
5885405
5885667
5885729
5885925
5885958
5885994
5886048
5886072
5886084
5886183
5886215
5886325
5886415
5886439
5886508
5886551
5886613
5886645
5886775
5886840
5886875
5887090
5887187
5887231
5887319
5887332
5887586
5887672
5887857
5887887
5888210
5888228
5888388
5888575
5888632
5888673
5888768
5888992
5889133
5889151
5889385
5889435
5889531
5889671
5889783
5889847
5889875
5890050
5890065
5890177
5890252
5890310
5890417
5890427
5890460
5890633
5890837
5890997
5891009
5891354
5891497
5891568
5891574
5891618
5891648
5891657
5891678
5891837
5891953
5891969
5892035
5892168
5892371
5892495
5892793
5892827
5892891
5892910
5892964
5893055
5893061
5893242
5893641
5893758
5894123
5894170
5894230
5894252
5894325
5894505
5894542
5894574
5894699
5895007
5895099
5895232
5895456
5895477
5895621
5895646
5895718
5895739
5895776
5895846
5895904
5895913
5895977
5896132
5896199
5896296
5896302
5896357
5896422
5896429
5896448
5897006
5897012
5897065
5897122
5897270
5897293
5897429
5897446
5897552
5897558
5897607
5897898
5897909
5897989
5898183
5898258
5898302
5898376
5898402
5898464
5898480
5898566
5898624
5898657
5898723
5898799
5898810
5898824
5898887
5898907
5898973
5898982
5899055
5899073
5899216
5899319
5899393
5899422
5899436
5899491
5899515
5899530
5899553
5899568
5899598
5899646
5899681
5899695
5899702
5899744
5900098
5900143
5900188
5900285
5900391
5900463
5900488
5900668
5900697
5900803
5900916
5901008
5901120
5901156
5901174
5901190
5902282
5902299
5902310
5902321
5902329
5902337
5902423
5902532
5902586
5902617
5902866
5902875
5902909
5902943
5903019
5903192
5903212
5903229
5903240
5903263
5903271
5903346
5903360
5903383
5903435
5903482
5903638
5903687
5903814
5903862
5903921
5903928
5904111
5904196
5904307
5904443
5904478
5904566
5904573
5904581
5904639
5904730
5904747
5904791
5904799
5904852
5904861
5904907
5905018
5905039
5905049
5905070
5905142
5905182
5905244
5905251
5905418
5905444
5905464
5905479
5905802
5906452
5906487
5906527
5906623
5906650
5906665
5906726
5906816
5906826
5906867
5906902
5906911
5906960
5907115
5907129
5907222
5907232
5907297
5907384
5907460
5907558
5907674
5907855
5907919
5907989
5908009
5908020
5908143
5908168
5908179
5908211
5908275
5908343
5908399
5908499
5908537
5908603
5908648
5908689
5908861
5908930
5908975
5909009
5909038
5909175
5909404
5909438
5909468
5909501
5909510
5909520
5909551
5909573
5909603
5909625
5909644
5909746
5909774
5909905
5910103
5910141
5910174
5910243
5910249
5910297
5910355
5910447
5910453
5910469
5910497
5910840
5910964
5910973
5911026
5911061
5911295
5911360
5911395
5911439
5911455
5911628
5911645
5911692
5911720
5911848
5911925
5911997
5912026
5912043
5912081
5912257
5912310
5912356
5912386
5912392
5912610
5912633
5912854
5912903
5912930
5912940
5913071
5913084
5913111
5913158
5913537
5913791
5914020
5914260
5914299
5914323
5914331
5914420
5914477
5914496
5914685
5914786
5914876
5915029
5915140
5915252
5915311
5915350
5915486
5915546
5915576
5915793
5916102
5916155
5916697
5916885
5916924
5917084
5917208
5917323
5917395
5917431
5917490
5917516
5917527
5917675
5917851
5918054
5918094
5918130
5918152
5918200
5918280
5918372
5918495
5918539
5918590
5918661
5918869
5918916
5918949
5918961
5918975
5918989
5919011
5919062
5919068
5919090
5919149
5919156
5919248
5919272
5919278
5919284
5919302
5919328
5919360
5919446
5919459
5919487
5919522
5919543
5919711
5919755
5919762
5919834
5919947
5919968
5919989
5920026
5920053
5920084
5920196
5920282
5920298
5920313
5920323
5920338
5920361
5920389
5920564
5920578
5920635
5920642
5920731
5920745
5921610
5921693
5921699
5921754
5921765
5921826
5921877
5921896
5921951
5922025
5922053
5922095
5922172
5922212
5922218
5922228
5922234
5922256
5922290
5922329
5922344
5922381
5922427
5922474
5922612
5922626
5922665
5922672
5922732
5923295
5923977
5923999
5924077
5924151
5924157
5924181
5924193
5924267
5924283
5924290
5924354
5924429
5924446
5924622
5924656
5924753
5924797
5924848
5924870
5924952
5924991
5925129
5925141
5925175
5925193
5925284
5925312
5925347
5925394
5925464
5925640
5925739
5925745
5925866
5925880
5925977
5926005
5926033
5926047
5926094
5926210
5926317
5926345
5926464
5926530
5926603
5926698
5926928
5926937
5926946
5926992
5927009
5927100
5927187
5927198
5927221
5927227
5927289
5927466
5927535
5927590
5927619
5927779
5927808
5927854
5927964
5928141
5928151
5928159
5928210
5928258
5928326
5928408
5928415
5928532
5928568
5928651
5928761
5928770
5928854
5928907
5929076
5929103
5929346
5929444
5929622
5929693
5929716
5929951
5930046
5930090
5930305
5930462
5930576
5930681
5930785
5930837
5931043
5931095
5931112
5931170
5931267
5931425
5931533
5931705
5931789
5932165
5932214
5932260
5932323
5932407
5932430
5932536
5932582
5932637
5932694
5932957
5933204
5933284
5933329
5933506
5933760
5933784
5933991
5934062
5934072
5934151
5934354
5934404
5934419
5934551
5934558
5934846
5934854
5934870
5934990
5935021
5935174
5935402
5935411
5935447
5935526
5935602
5935750
5935797
5935825
5935907
5936050
5936244
5936346
5936393
5936414
5936458
5936528
5936741
5936747
5937152
5937187
5937298
5937310
5937324
5937485
5937539
5937680
5937804
5937865
5937871
5937971
5937995
5938020
5938092
5938111
5938305
5938334
5938544
5938568
5938689
5938708
5938801
5938819
5938857
5939074
5939093
5939186
5939219
5939248
5939285
5939331
5939412
5939447
5939522
5939591
5939615
5939633
5939641
5939674
5939707
5939771
5939808
5939827
5939901
5939914
5939935
5939961
5940001
5940062
5940152
5940316
5940350
5940366
5940424
5940469
5940480
5940555
5940617
5940624
5940648
5940661
5940799
5940822
5941089
5941122
5941138
5941323
5941453
5941488
5941533
5941634
5941798
5941808
5941833
5941925
5942011
5942031
5942046
5942084
5942091
5942099
5942140
5942152
5942225
5942288
5942302
5942354
5942438
5942459
5942466
5942609
5942662
5942673
5942713
5942745
5942767
5942822
5942828
5942948
5943065
5943084
5943110
5943127
5943167
5943201
5943209
5943217
5943223
5943250
5943390
5943441
5943482
5943513
5943519
5943627
5943653
5943694
5943713
5943900
5943946
5943963
5944086
5944104
5944115
5944145
5944240
5944281
5944403
5944654
5944822
5944919
5944993
5945022
5945199
5945312
5945336
5945342
5945478
5945541
5945577
5945594
5945645
5945857
5945879
5945904
5945935
5945983
5946025
5946128
5946241
5946523
5946572
5946646
5946656
5947187
5947194
5947299
5947408
5947440
5947510
5947566
5947665
5947687
5947780
5947852
5948022
5948029
5948171
5948313
5948360
5948495
5948553
5948599
5948611
5948724
5948758
5948765
5948834
5948989
5949043
5949055
5949139
5949281
5949328
5949460
5949919
5949966
5949981
5950046
5950188
5950360
5950402
5950452
5950514
5950532
5950590
5950699
5950757
5950805
5950884
5951147
5951156
5951381
5951413
5951469
5951579
5951620
5951698
5951864
5952208
5952219
5952385
5952430
5952628
5952709
5952742
5952750
5952761
5952838
5952873
5953011
5953083
5953102
5953228
5953323
5953350
5953363
5953388
5953475
5953491
5953514
5953533
5953787
5953869
5953946
5953960
5954011
5954034
5954087
5954176
5954183
5954210
5954305
5954319
5954699
5954741
5954773
5954822
5954829
5954866
5954973
5954988
5955004
5955074
5955123
5955167
5955245
5955280
5955319
5955455
5955816
5958041
5958113
5958157
5958189
5958196
5958218
5958245
5958251
5958281
5958352
5958396
5958504
5959535
5959622
5959642
5959717
5959968
5959975
5960037
5960050
5960090
5960163
5960262
5960281
5960292
5960310
5960344
5960846
5960861
5960903
5960921
5960931
5961161
5961211
5961217
5961234
5961418
5961427
5961469
5961762
5961797
5961819
5962021
5962060
5962079
5962100
5962111
5962215
5962673
5962923
5963057
5963191
5963262
5963290
5963380
5963422
5963448
5963487
5963505
5963573
5963583
5963613
5963620
5963820
5964008
5964091
5964120
5964155
5964193
5964229
5964266
5964334
5964368
5964445
5964535
5964569
5964676
5964690
5964715
5964751
5964760
5964770
5964805
5964832
5964935
5965104
5965120
5965142
5965192
5965203
5965229
5965238
5965510
5965522
5965559
5965642
5965735
5965875
5966063
5966321
5966327
5966407
5966414
5966612
5966698
5966830
5967026
5967046
5967063
5967149
5967235
5967267
5967293
5967527
5967626
5967688
5967720
5967729
5967763
5967793
5968008
5968089
5968111
5968140
5968201
5968315
5968358
5968390
5968638
5968674
5968928
5968948
5968985
5968991
5969016
5969140
5969388
5969448
5969489
5969496
5969655
5969697
5969807
5969912
5969918
5969990
5970005
5970033
5970197
5970211
5970272
5970330
5970435
5970444
5970529
5970650
5970711
5970791
5970812
5970840
5970880
5970891
5971021
5971047
5971055
5971074
5971104
5971207
5971366
5971418
5971435
5971439
5971597
5971772
5971809
5971837
5971919
5972047
5972222
5972283
5972291
5972298
5972449
5972487
5972515
5972566
5972593
5972643
5972655
5972694
5972712
5972748
5972754
5972860
5973003
5973035
5973128
5973214
5973448
5973537
5973712
5973817
5973955
5974202
5974217
5974239
5974448
5974466
5974504
5974558
5974760
5974781
5974810
5974854
5974860
5974982
5975020
5975040
5975189
5975410
5975416
5975492
5975502
5975655
5975698
5975766
5975775
5976043
5976382
5976437
5976458
5976464
5976613
5976632
5976645
5976654
5976736
5976813
5976888
5977089
5977127
5977205
5977243
5977249
5977255
5977271
5977312
5977349
5977363
5977480
5977505
5977537
5977662
5977689
5977696
5977783
5977856
5977909
5977951
5978017
5978153
5978443
5978489
5978514
5978579
5978628
5978704
5978794
5978830
5978839
5978863
5978891
5978916
5978933
5979021
5979119
5979287
5979326
5979352
5979358
5979415
5979442
5979463
5979475
5981654
5981739
5981784
5981806
5981826
5981953
5981960
5982024
5982080
5982097
5982122
5982139
5982261
5982286
5982376
5982387
5982431
5982476
5982588
5982640
5982791
5982852
5982953
5983033
5983152
5983243
5983358
5983375
5983494
5983734
5983865
5983930
5983951
5983956
5983976
5984078
5984143
5984169
5984228
5984572
5984594
5984678
5984692
5984770
5984833
5984861
5984904
5984929
5985049
5985083
5985178
5985225
5985295
5985407
5985557
5985707
5985713
5985721
5985743
5985820
5985862
5985873
5985923
5985951
5985966
5986008
5986016
5986027
5986046
5986056
5986086
5986108
5986214
5986226
5986267
5986288
5986308
5986380
5986395
5986409
5986620
5986632
5986726
5986736
5986742
5986796
5986965
5986993
5987134
5987493
5987525
5987584
5987729
5987869
5987884
5988014
5988112
5988189
5988202
5988236
5988490
5988537
5988553
5988606
5988660
5988814
5988916
5988962
5988985
5989004
5989052
5989147
5989204
5989249
5989272
5989279
5989554
5989635
5989756
5989967
5989998
5990154
5990194
5990285
5990313
5990500
5990566
5990579
5990657
5990710
5990729
5990802
5990857
5990932
5991057
5991094
5991110
5991356
5991365
5991371
5991492
5991512
5991525
5991819
5991925
5991953
5992064
5992197
5992215
5992263
5992280
5992354
5992368
5992403
5992439
5992449
5992602
5993030
5993252
5993269
5993753
5993784
5994210
5994273
5994282
5994288
5994941
5995213
5995238
5995597
5995923
5995932
5996021
5996161
5996235
5996246
5996318
5996752
5997015
5997083
5997127
5997156
5997600
5997646
5997788
5997808
5997827
5997929
5998068
5998129
5998135
5998151
5998189
5998294
5998305
5998332
5998382
5998427
5998502
5998625
5998635
5998648
5998707
5998916
5998930
5998956
5998976
5999043
5999076
5999086
5999263
5999424
5999611
5999696
5999803
5999839
5999851
5999861
5999927
5999943
6000024
6000098
6000188
6000259
6000269
6001226
6001276
6001318
6001359
6001403
6001468
6001582
6001622
6001699
6001769
6001838
6001857
6001876
6001948
6001963
6002024
6002104
6002141
6002183
6002195
6002249
6002255
6002261
6002268
6002321
6002330
6002388
6002394
6002484
6002518
6002526
6002579
6002604
6002655
6002681
6002758
6002766
6002781
6002917
6002933
6003010
6003028
6003072
6003092
6003121
6003309
6003321
6003357
6004533
6004600
6004836
6004938
6004970
6004987
6005069
6005116
6005138
6005145
6005218
6005265
6005301
6006940
6006988
6007061
6007181
6007751
6008028
6008195
6008655
6008758
6009336
6010080
6014860
6014933
6014939
6015191
6015214
6015382
6015475
6015492
6015503
6015536
6015633
6015644
6015679
6015735
6015802
6015905
6016064
6016097
6016109
6016234
6016557
6016611
6016810
6016860
6016914
6016919
6016966
6016998
6017078
6017307
6017380
6017485
6017590
6017623
6017630
6017730
6017742
6017755
6017943
6018023
6018046
6018073
6018154
6018309
6018317
6018327
6018484
6018550
6018649
6018711
6018782
6018819
6018930
6018970
6019002
6019031
6019042
6019130
6019137
6019343
6019349
6019410
6019514
6019609
6019618
6019667
6019858
6019884
6019897
6019984
6020058
6020342
6020406
6020453
6020529
6020616
6020686
6020702
6020751
6020785
6020793
6020957
6020982
6020993
6020999
6021054
6021213
6021272
6021298
6021334
6021366
6021591
6021600
6021629
6021702
6021721
6021732
6021746
6021768
6021779
6021799
6021818
6021830
6021901
6021925
6021939
6021951
6021958
6022033
6022077
6022087
6022148
6022157
6022367
6022373
6022383
6022418
6022452
6022464
6022471
6022481
6022490
6022504
6022544
6022564
6022575
6022602
6022682
6022764
6023021
6023253
6023271
6023327
6023389
6023443
6023458
6023467
6023486
6023510
6023542
6023618
6023646
6023724
6023760
6023803
6023911
6023952
6024027
6024060
6024108
6024115
6024208
6024317
6024412
6024625
6024638
6024717
6024782
6024805
6024982
6025054
6025070
6025086
6025229
6025256
6025300
6025342
6025358
6025379
6025400
6025428
6025632
6025639
6025718
6025749
6025785
6025800
6025877
6025894
6025926
6025966
6026043
6026049
6026059
6026084
6026103
6026189
6026209
6026265
6026278
6026390
6026414
6026447
6026500
6026530
6026567
6026605
6026644
6026657
6026686
6026694
6026765
6026771
6026785
6026812
6026823
6026931
6027155
6027175
6027183
6027203
6027230
6027258
6027294
6027329
6027368
6027398
6027416
6027425
6027463
6027469
6027488
6027613
6027687
6027757
6027810
6027899
6027971
6028009
6028029
6028038
6028071
6028128
6028228
6028496
6028604
6028675
6028770
6028841
6028879
6028925
6029036
6029117
6029302
6029355
6029364
6029425
6029474
6029625
6029632
6029640
6029763
6029772
6029802
6029859
6029881
6029910
6030042
6030076
6030139
6030150
6030160
6030219
6030333
6030358
6030570
6030619
6030629
6030644
6030659
6030684
6030704
6030774
6030843
6030947
6031019
6031154
6031160
6031192
6031344
6031664
6031700
6031715
6031792
6031798
6031872
6031882
6031991
6032049
6032132
6032200
6032266
6032280
6032419
6032558
6032575
6032881
6032918
6033025
6033031
6033133
6033165
6033208
6033302
6033499
6033528
6033543
6033595
6033629
6033775
6033795
6033938
6034104
6034163
6034233
6034336
6034460
6034494
6034592
6034744
6034808
6035058
6035385
6035431
6035478
6035585
6035607
6035682
6035771
6035907
6035982
6036065
6036102
6036402
6036536
6036589
6036636
6036655
6036661
6036693
6036705
6036713
6036776
6037025
6037185
6037204
6037242
6037321
6037379
6037412
6037605
6037675
6037724
6037832
6037931
6038022
6038122
6038143
6038184
6038300
6038327
6038355
6038484
6038599
6038610
6038749
6038784
6039230
6039237
6039263
6039269
6039302
6039341
6039347
6039355
6039364
6039386
6039444
6039485
6039491
6039513
6039565
6039586
6039644
6039806
6039819
6039864
6039876
6039894
6039948
6039965
6040008
6040043
6040052
6040103
6040123
6040136
6040151
6040163
6040195
6040207
6040307
6040338
6040350
6040369
6040413
6040437
6040518
6040589
6040597
6040683
6040717
6040760
6040789
6040802
6040816
6040834
6040923
6040972
6041003
6041012
6041095
6041146
6041184
6041221
6041288
6041403
6041431
6041451
6041502
6041517
6041582
6042384
6042964
6043318
6043352
6043964
6044049
6044166
6044198
6044212
6044236
6044274
6044301
6044333
6044385
6044435
6044445
6044600
6044707
6044728
6044866
6045049
6045109
6045163
6045227
6045301
6045307
6045388
6045509
6045725
6045749
6045914
6045936
6045943
6046087
6046093
6046152
6046340
6046418
6046444
6046582
6046597
6046638
6046693
6046732
6046742
6046759
6046888
6046917
6046932
6046947
6046991
6047101
6047120
6047134
6047180
6047256
6047266
6047360
6047393
6047408
6047445
6047473
6047483
6047514
6047612
6047682
6048011
6048078
6048090
6048237
6048474
6048570
6048722
6048749
6048929
6048939
6049048
6049072
6049164
6049218
6049240
6049247
6049312
6049506
6049523
6049618
6049627
6049691
6049716
6049871
6049894
6050026
6050050
6050071
6050118
6050147
6050221
6050286
6050341
6050359
6050627
6050684
6050732
6050752
6050786
6050843
6050928
6050945
6051029
6051384
6051419
6051482
6051554
6051617
6051639
6051851
6051885
6051921
6052043
6052164
6052332
6052410
6052436
6052446
6052479
6052501
6052543
6052712
6052723
6052803
6052861
6052885
6052970
6053152
6053214
6053280
6053381
6053620
6053718
6054119
6054289
6054453
6054490
6054627
6054717
6054967
6055020
6055087
6055094
6055121
6055167
6055176
6055271
6055360
6055424
6055599
6055606
6055722
6055980
6056075
6056150
6056179
6056197
6056209
6056262
6056382
6056397
6056413
6056430
6056438
6056454
6056541
6056599
6056626
6056759
6056844
6056873
6057053
6057062
6057082
6057135
6057387
6057725
6057738
6057781
6057790
6057795
6057805
6057818
6057843
6057857
6057863
6058613
6059272
6059285
6059326
6059345
6059408
6059422
6059447
6059511
6059652
6059723
6059769
6059803
6059828
6059853
6059879
6060017
6060140
6060219
6060304
6060406
6060779
6060903
6060984
6061186
6061193
6061267
6061322
6061458
6061581
6061652
6061713
6061852
6062313
6062319
6062634
6062677
6062739
6062794
6062901
6062970
6063068
6063119
6063339
6063651
6063742
6063786
6063993
6064021
6064048
6064196
6064210
6064283
6064422
6064452
6064526
6064553
6064754
6064782
6064826
6065033
6065193
6065227
6065486
6065515
6065570
6065592
6065856
6065917
6065930
6066254
6066285
6066345
6066433
6066552
6066586
6066737
6066810
6066857
6066863
6066890
6067129
6067215
6067337
6067505
6067548
6067635
6067661
6067851
6067896
6067992
6068023
6068039
6068234
6068354
6069355
6069408
6069456
6069474
6069520
6069629
6069693
6069847
6070001
6070085
6070401
6070435
6070487
6070591
6070627
6070857
6070972
6071149
6071164
6071268
6071413
6071513
6071603
6071735
6071749
6071821
6071837
6072099
6072129
6072206
6072487
6072522
6072530
6072609
6072640
6072700
6072754
6072764
6072838
6072898
6073012
6073024
6073071
6073080
6073183
6073208
6073321
6073358
6073430
6073481
6073544
6073558
6073619
6073659
6073721
6073727
6073758
6073777
6073836
6073880
6074022
6074147
6074185
6074215
6074451
6074457
6074519
6074955
6075624
6075650
6075727
6075778
6075831
6075998
6076009
6076147
6076159
6076280
6076355
6076369
6076378
6076399
6076456
6076468
6076537
6076587
6076684
6076754
6076802
6076940
6076969
6077009
6077093
6077245
6077260
6077343
6077476
6077723
6077791
6077802
6077866
6077900
6077910
6078168
6078248
6078345
6078401
6078426
6078482
6078509
6078532
6078566
6078608
6078667
6078711
6078727
6078763
6078771
6078915
6078987
6079040
6079182
6079215
6079379
6079549
6079680
6079706
6079998
6080146
6080347
6080376
6080458
6080536
6080553
6080577
6080586
6080869
6081016
6081289
6081411
6081432
6081684
6081737
6081875
6081937
6082008
6082033
6082116
6082152
6082454
6082477
6082492
6082503
6082511
6082663
6082681
6082926
6083096
6083131
6083238
6083304
6083391
6083418
6083542
6083582
6083677
6083942
6084023
6084093
6084178
6084186
6084204
6084286
6084553
6084593
6084705
6084814
6085128
6085180
6085187
6085579
6085600
6085771
6086333
6086362
6086601
6086752
6086774
6086841
6086882
6086892
6087083
6087169
6087198
6087272
6087392
6087492
6087638
6087770
6087784
6087856
6088083
6088143
6088425
6088487
6088511
6088531
6088590
6088699
6088730
6088789
6088816
6088967
6088976
6090399
6090461
6090517
6090552
6090560
6090569
6090648
6090711
6090754
6090818
6090864
6090915
6090948
6091007
6091062
6091363
6091389
6091665
6091673
6091779
6091974
6092041
6092139
6092171
6092262
6092290
6092310
6092450
6092476
6092502
6092621
6092633
6092653
6092676
6092705
6092822
6092851
6092893
6092903
6093040
6093055
6093120
6093197
6093206
6093237
6093259
6093387
6093595
6093632
6093792
6093803
6093966
6093979
6094092
6094126
6094405
6094455
6094673
6094679
6094762
6094870
6094908
6094965
6095190
6095230
6095236
6095288
6095347
6095394
6095426
6095472
6095518
6095546
6095554
6095672
6095886
6095945
6096049
6096059
6096090
6096137
6096158
6096275
6096358
6096418
6096451
6096463
6096469
6096616
6096719
6096752
6096769
6097038
6097104
6097133
6097421
6097546
6097568
6097577
6097594
6097618
6097659
6097916
6098026
6098090
6098265
6098286
6098297
6098419
6098517
6098583
6098599
6098898
6098919
6098949
6098986
6099388
6099511
6099766
6099971
6099984
6100011
6100168
6100256
6100369
6100386
6100491
6100846
6100930
6101113
6101473
6101569
6101587
6101796
6101848
6101916
6102001
6102282
6102361
6102518
6102536
6102589
6103058
6103173
6103488
6103694
6103710
6103838
6104019
6104151
6104235
6104288
6104334
6104438
6104590
6104719
6104777
6105133
6105153
6105286
6105305
6105539
6105553
6105853
6105932
6106112
6106169
6106259
6106366
6106405
6106449
6106563
6106583
6106608
6106757
6106799
6106812
6106841
6107026
6107052
6107121
6107181
6107220
6107233
6107302
6107331
6107453
6107708
6107743
6107799
6107839
6107851
6107965
6108096
6108129
6108162
6108191
6109359
6109413
6109534
6109543
6109643
6109686
6109728
6109835
6109857
6109867
6109888
6109984
6109990
6110028
6110153
6110719
6110863
6110873
6110985
6111118
6111190
6111197
6111243
6111272
6111350
6111597
6111608
6111689
6111698
6111738
6111780
6112040
6112068
6112082
6112088
6112133
6112147
6112161
6112277
6112338
6112386
6112456
6112469
6112521
6112539
6112571
6112636
6112659
6112879
6112950
6113090
6113146
6113231
6113320
6113362
6113512
6113558
6113565
6113747
6113934
6114003
6114031
6114042
6114142
6114195
6114366
6114507
6114585
6114884
6114892
6115049
6115103
6115130
6115194
6115228
6115429
6115460
6115581
6115619
6115730
6115904
6116041
6116049
6116218
6116238
6116307
6116317
6116365
6116403
6116514
6116580
6116705
6117048
6117104
6117115
6117147
6117227
6117239
6117359
6117385
6117449
6117498
6117530
6117646
6117840
6117952
6117960
6117987
6118154
6118297
6118306
6118353
6118389
6118400
6118479
6118547
6118565
6118725
6118737
6118773
6118871
6118921
6119044
6119302
6119423
6119668
6120006
6120499
6120683
6120783
6120833
6120856
6120910
6121150
6121334
6121388
6121628
6121659
6121671
6121989
6122117
6122244
6122492
6122513
6122581
6122881
6123050
6123109
6123276
6123356
6123478
6123606
6123612
6123700
6123848
6124099
6124395
6124461
6124613
6124706
6124909
6124956
6125028
6125173
6125279
6125304
6125336
6125353
6125561
6125613
6125625
6125680
6125714
6125744
6125826
6125839
6125922
6125947
6125990
6126082
6126147
6126281
6127371
6127474
6127531
6127579
6127608
6127659
6127734
6127744
6127750
6127953
6127973
6128005
6128081
6128302
6128317
6128360
6128388
6128399
6128511
6128525
6128532
6128698
6128726
6128738
6128838
6128893
6128916
6129035
6129068
6129232
6129252
6129432
6129476
6129483
6129847
6129937
6129946
6129988
6130007
6130046
6130075
6130085
6130098
6130169
6130177
6130188
6130219
6130230
6130237
6130288
6130322
6130344
6130383
6130402
6130412
6130418
6130440
6130453
6130459
6130529
6130718
6130808
6130815
6130831
6130837
6130848
6130854
6130876
6130886
6130913
6130925
6130959
6130978
6130988
6130996
6131013
6131022
6131028
6131041
6131069
6131081
6131104
6131137
6131162
6131217
6131234
6131240
6131249
6131275
6131291
6131300
6131330
6131351
6131402
6131460
6131498
6131504
6131524
6131549
6131580
6131610
6131680
6131720
6131810
6131847
6131858
6131900
6131914
6131925
6131945
6131955
6131996
6132025
6132053
6132099
6132167
6132243
6132521
6132585
6132720
6132924
6133138
6133511
6133704
6133775
6133806
6134233
6134325
6134383
6134535
6134930
6135013
6135508
6135602
6135827
6136010
6136120
6136198
6136247
6136279
6136362
6136556
6137064
6137177
6137546
6137628
6137641
6137655
6138137
6138261
6138273
6138545
6138568
6139114
6139150
6139173
6139356
6139387
6139496
6139549
6139581
6139826
6139916
6139925
6139956
6139997
6140255
6140319
6140433
6140533
6140553
6140591
6140623
6140682
6140774
6140793
6140800
6140895
6140908
6140961
6141428
6141434
6141444
6141503
6141720
6142436
6142485
6142505
6142529
6142563
6142580
6142627
6142633
6142642
6142701
6142711
6142748
6142882
6142958
6142990
6143032
6143153
6143301
6143570
6143676
6143777
6143791
6143854
6143894
6143901
6143990
6144080
6144371
6144508
6144581
6144627
6144633
6144652
6144664
6144880
6144993
6145024
6145175
6145426
6145445
6145639
6145815
6145865
6146176
6146214
6146255
6146555
6146578
6146597
6146795
6146880
6146978
6146996
6147006
6147328
6147347
6147428
6147475
6147578
6147719
6147748
6147770
6147805
6147837
6148190
6148346
6148556
6148619
6148652
6148712
6148845
6148951
6149435
6149603
6149638
6149938
6149973
6150132
6150139
6150156
6150179
6150201
6150256
6150328
6150374
6150394
6150445
6150561
6150608
6150656
6150814
6150901
6151233
6151654
6151661
6151743
6152000
6152115
6152342
6152681
6152700
6152716
6152887
6153009
6153049
6153086
6153152
6153194
6153273
6153374
6153571
6154086
6154202
6154209
6154253
6154581
6154590
6154950
6155193
6155208
6155309
6155383
6155599
6155778
6155806
6156022
6156496
6156519
6156953
6157028
6157110
6157649
6157866
6157989
6158072
6158157
6158187
6158220
6158338
6158450
6158641
6158737
6159385
6159391
6159409
6159708
6159811
6159843
6159991
6160005
6160085
6160138
6160183
6160273
6160301
6160662
6160890
6160970
6161006
6161222
6161265
6161304
6161370
6161412
6161476
6161517
6161653
6161963
6162082
6162301
6162627
6162666
6162695
6162725
6162794
6163036
6163097
6163229
6163263
6163794
6163989
6165431
6165950
6166040
6166096
6166114
6166237
6166274
6166413
6166470
6166502
6166518
6166725
6166751
6166766
6166963
6167112
6167571
6167724
6167735
6167845
6168029
6168118
6168146
6168302
6168475
6168641
6168731
6168761
6168777
6168840
6168961
6168975
6169000
6169166
6169491
6169819
6169847
6170014
6170041
6170226
6170387
6170947
6171048
6171076
6171261
6171390
6171670
6171741
6172307
6172324
6172511
6172643
6172688
6172914
6172926
6172949
6172981
6173481
6173501
6173534
6173630
6173640
6173696
6173762
6173943
6174146
6174427
6174436
6174512
6174595
6174939
6175203
6175393
6175506
6175549
6175626
6175673
6175789
6176190
6176388
6176480
6176496
6176516
6176560
6176808
6176947
6177461
6177638
6178019
6178053
6178585
6178943
6178955
6179063
6179176
6179187
6179283
6179361
6179556
6180518
6180582
6180650
6181188
6181234
6181313
6181729
6181842
6182300
6182581
6183134
6183410
6183451
6183742
6183826
6183838
6183867
6184034
6184227
6184260
6184368
6184377
6184473
6184486
6184503
6184571
6184621
6184710
6184720
6184726
6184771
6184929
6184982
6185091
6185208
6186183
6186337
6186344
6186361
6186373
6186390
6186439
6186481
6186518
6186536
6186590
6186647
6186901
6186910
6186920
6186928
6186941
6187048
6187067
6187087
6187179
6187332
6187581
6187757
6187993
6188075
6188196
6188385
6188457
6188488
6188880
6188972
6188996
6189020
6189052
6189061
6189068
6189108
6189251
6189277
6189393
6189412
6189443
6189477
6189596
6189615
6189683
6189706
6189751
6189876
6190020
6190145
6190232
6190406
6190510
6190609
6190690
6190741
6190934
6191064
6191166
6191184
6191214
6191329
6191423
6191789
6191990
6192371
6192539
6192690
6192773
6192868
6192944
6193148
6193244
6193362
6193743
6193846
6193884
6194144
6194397
6194701
6194780
6195159
6195184
6195255
6195270
6195420
6195437
6195521
6195536
6195618
6195664
6195716
6195799
6195857
6195917
6195923
6196194
6196342
6196395
6196445
6196459
6196558
6196723
6196812
6196925
6196946
6197052
6197174
6197225
6197261
6197278
6197380
6197489
6197799
6197804
6198166
6198199
6198216
6198264
6198312
6198515
6198646
6198698
6198860
6198887
6199939
6199949
6199973
6200010
6200045
6200281
6200339
6200430
6200436
6200453
6200515
6200947
6201034
6201227
6201383
6201510
6201521
6201576
6201810
6201913
6201973
6202148
6202219
6202532
6202551
6202614
6202638
6202832
6203102
6203350
6203599
6203614
6203736
6204078
6204123
6204240
6204284
6204362
6204820
6205041
6205400
6205557
6205828
6205842
6205911
6205985
6206039
6207380
6207538
6207587
6208059
6208368
6208562
6208738
6209092
6209226
6209294
6209375
6209460
6209497
6209724
6209827
6209835
6209843
6210049
6210057
6210098
6210188
6210265
6210371
6210378
6210553
6210586
6210710
6210726
6210805
6210855
6210870
6210920
6211105
6211138
6211195
6211203
6211624
6211643
6211675
6211686
6211851
6212016
6212149
6212206
6212239
6212393
6212531
6212599
6212659
6212693
6212722
6212734
6212826
6212833
6213134
6213148
6213156
6213196
6213329
6213383
6213753
6213776
6213810
6213981
6214151
6214156
6214282
6214621
6215127
6215169
6215420
6215590
6215615
6215713
6215764
6216004
6216106
6216209
6216233
6216421
6216430
6216584
6216651
6216690
6216737
6216795
6216953
6217010
6217155
6217189
6217309
6217489
6217614
6217746
6217795
6218158
6218284
6218404
6218563
6218983
6219095
6219380
6219475
6219945
6220161
6220371
6220449
6220485
6220545
6220680
6220704
6220817
6220868
6220968
6221209
6221245
6221255
6221639
6221665
6221736
6222333
6222504
6222566
6222672
6222717
6223145
6223452
6223802
6224452
6224528
6224818
6225248
6225728
6225957
6226123
6226219
6226329
6226348
6226437
6226685
6226742
6226759
6226975
6226988
6227012
6227038
6227051
6227228
6227372
6227391
6227482
6227669
6227716
6227868
6227897
6227958
6228034
6228043
6228117
6228156
6228192
6228202
6228300
6228321
6228444
6228612
6228619
6228702
6228803
6228824
6228871
6228887
6228938
6228944
6229033
6229228
6229437
6229762
6229839
6229914
6229923
6230069
6230267
6230395
6230497
6230669
6230838
6230996
6231337
6231378
6231506
6231601
6231634
6231718
6231856
6231864
6231901
6232106
6232457
6233420
6233662
6233713
6233839
6233918
6233931
6234034
6234277
6234551
6234775
6234934
6234995
6235106
6235171
6235620
6235902
6235994
6236130
6236170
6236202
6236254
6236284
6236447
6236622
6236716
6237041
6237255
6237362
6237636
6237882
6238035
6238340
6238354
6238554
6238662
6238868
6238924
6239093
6239099
6239360
6239397
6239737
6239973
6240174
6240709
6240715
6240964
6241232
6241352
6241853
6241869
6241893
6241909
6242033
6242401
6242608
6242621
6242707
6242734
6242899
6242999
6243237
6243257
6243415
6243514
6243737
6243757
6243797
6243981
6244164
6244213
6244361
6244381
6244651
6244664
6244816
6244929
6245195
6245255
6245264
6245285
6245389
6245446
6245585
6245666
6245910
6245923
6245986
6245993
6246016