10808531
10809619
10811014
10811327
10811681
10813387
10814665
10815534
10815970
10816073
10816098
10817559
10817731
10817982
10817989
10818061
10818539
10818738
10818760
10819366
10819473
10819486
10819723
10820311
10820564
10823748
10824127
10824517
10824783
10824835
10826248
10826356
10826707
10827367
10828257
10828976
10831120
10831278
10831854
10831976
10832081
10832528
10832827
10833029
10833414
10834062
10834462
10834842
10838231
10838349
10838952
10839057
10839415
10839468
10840488
10841415
10841899
10843143
10843273
10844034
10844145
10844261
10845460
10845814
10846055
10846578
10847705
10848234
10848841
10849098
10849442
10849472
10849694
10851503
10852288
10852890
10853086
10853617
10854097
10854201
10854821
10854969
10854998
10855408
10855645
10856280
10856616
10857356
10857813
10857826
10859229
10859247
10859263
10861000
10861400
10861620
10861943
10862144
10863951
10863994
10864406
10865657
10865666
10866064
10866245
10866310
10866575
10867926
10869298
10870295
10870897
10871086
10871444
10871614
10871794
10872209
10873745
10874515
10874711
10875868
10875997
10876576
10876885
10877040
10877228
10877771
10877941
10878248
10878621
10879055
10879977
10880248
10880490
10881451
10883064
10883554
10883669
10883716
10884248
10884382
10884467
10886393
10886412
10886430
10886731
10887048
10888063
10888336
10888896
10889059
10889178
10889315
10889556
10889766
10890410
10891292
10894197
10894728
10897096
10897155
10897399
10897987
10898794
10899055
10899266
10900256
10900705
10900942
10901155
10901659
10901916
10902631
10902853
10905036
10905391
10905406
10905446
10906011
10906541
10906613
10906651
10907072
10907172
10907366
10907891
10907998
10908143
10908518
10908938
10909049
10909308
10909691
10909721
10910104
10910238
10910253
10910867
10911059
10913322
10913325
10913341
10913344
10913347
10913356
10913359
10913371
10913374
10913377
10913383
10913386
10913389
10913395
10913398
10913401
10913404
10913530
10914486
10915056
10915129
10915538
10915749
10915823
10916160
10916913
10917107
10917505
10917617
10918258
10918644
10918662
10918762
10919784
10919864
10919907
10920560
10921349
10921520
10921948
10922067
10922855
10922966
10923104
10924538
10924611
10925182
10926047
10926178
10926576
10926818
10926953
10927038
10927205
10927618
10928882
10929197
10929419
10929629
10929750
10930788
10931631
10932542
10932571
10932779
10932942
10933089
10933249
10933388
10933500
10933981
10935644
10936185
10936411
10936796
10937070
10937783
10938585
10938850
10940473
10940864
10941166
10941210
10941247
10941740
10941925
10942373
10942548
10942591
10942773
10942972
10943358
10943555
10943857
10944712
10944902
10944965
10945131
10945226
10945796
10946307
10947939
10948308
10948548
10948643
10948657
10949376
10949643
10950462
10951038
10951461
10951882
10952125
10952235
10953804
10953889
10954384
10955572
10955717
10955763
10956750
10957073
10957518
10958095
10959837
10961029
10961173
10961434
10961747
10963488
10963743
10963981
10964046
10964666
10966293
10966359
10966880
10966951
10966987
10967853
10967917
10968868
10969460
10972419
10972860
10973732
10974172
10974176
10974419
10975800
10976761
10977087
10977552
10977755
10977810
10977838
10978985
10980057
10980094
10981620
10981746
10982445
10982555
10982798
10983035
10983330
10983602
10983627
10984754
10986670
10987346
10987491
10988272
10988509
10988973
10989494
10989998
10990632
10990993
10991076
10991646
10992534
10992558
10992627
10993972
10994009
10994101
10994876
10995945
10996096
10996912
10997309
10997963
10998609
10998668
10998694
10999042
10999485
10999850
11001816
11002152
11002369
11002879
11004376
11004573
11004917
11005137
11005160
11005908
11006347
11006642
11006938
11007262
11008884
11008903
11009280
11009300
11009465
11009903
11010133
11010651
11011346
11011418
11011445
11011501
11011524
11012892
11013095
11013286
11013948
11014441
11017505
11018606
11019895
11020443
11020479
11024763
11025404
11026059
11026780
11027426
11027520
11027887
11030774
11031005
11032425
11032585
11032811
11033489
11033584
11033903
11034165
11034231
11035218
11036387
11036515
11036582
11038753
11038845
11038860
11039227
11040245
11040298
11041170
11041271
11042063
11042286
11043231
11043266
11044554
11044920
11045888
11046848
11046927
11046995
11048543
11048861
11049069
11049356
11049403
11049835
11050207
11050379
11052214
11052764
11053006
11053115
11054871
11055441
11055518
11056179
11056548
11056880
11057604
11057860
11060030
11060112
11060839
11060964
11061132
11061775
11061847
11062436
11063743
11064395
11064422
11065546
11066524
11066561
11067558
11068082
11068133
11068937
11069425
11069537
11069839
11070812
11071547
11072479
11072569
11072843
11073250
11073298
11073304
11073483
11073630
11073641
11073651
11073963
11074747
11075089
11075680
11076653
11077185
11077252
11079895
11081860
11082100
11084126
11085971
11086014
11086579
11086600
11087528
11087536
11087624
11087958
11088188
11088465
11088732
11089676
11090115
11090274
11090417
11090739
11092631
11092780
11092818
11092866
11093083
11093118
11094739
11095212
11095976
11096942
11096976
11097442
11098367
11098960
11099139
11099611
11100416
11100441
11100983
11101134
11101856
11102928
11103069
11103101
11103205
11104411
11105181
11105189
11105586
11105950
11106042
11106071
11106544
11106739
11107572
11109084
11109211
11109244
11109447
11109652
11109692
11110374
11111353
11113091
11113291
11114017
11114592
11114748
11115269
11116431
11116855
11117426
11117495
11117628
11117669
11118352
11118614
11119736
11121697
11122294
11123126
11123663
11124558
11125258
11126955
11127089
11128109
11129831
11129987
11130218
11131163
11131367
11132187
11133204
11134361
11135189
11136005
11136283
11137024
11138079
11140069
11141187
11143341
11144803
11144887
11146008
11146907
11147110
11147506
11148519
11148722
11148934
11149569
11150844
11152796
11153432
11153746
11154172
11154410
11154969
11155389
11157657
11158395
11158924
11159265
11159726
11161385
11161906
11163785
11166817
11166978
11168518
11170752
11171315
11172165
11173180
11173780
11174014
11175057
11175196
11175512
11175550
11175606
11175797
11176069
11176599
11176881
11176932
11177648
11179828
11181568
11182436
11184118
11184570
11185488
11186622
11187647
11187705
11187808
11188117
11188181
11188497
11188580
11189000
11189720
11189959
11190061
11190182
11190457
11190832
11190853
11190942
11191616
11193150
11193495
11193561
11193837
11194218
11194668
11196349
11196540
11197012
11197418
11199315
11199731
11200248
11201292
11201402
11201864
11204036
11205059
11205087
11205981
11206348
11207463
11207655
11208244
11208847
11209186
11210963
11211023
11211448
11211641
11212401
11212926
11217307
11218166
11218316
11219292
11219527
11220559
11220666
11222288
11222365
11223127
11223834
11224112
11224623
11225821
11226005
11226308
11226898
11227009
11228796
11229344
11229913
11229931
11230206
11230291
11230990
11231131
11231488
11231501
11232309
11232590
11232651
11233511
11234573
11235141
11236213
11236992
11237574
11239286
11239811
11242069
11243689
11244118
11245274
11245292
11246426
11246495
11247454
11248304
11248736
11249112
11249505
11249635
11249954
11250749
11250940
11251325
11251534
11251667
11251972
11253804
11253964
11254346
11254597
11256080
11256366
11257172
11257405
11258544
11259378
11260260
11262016
11262867
11262900
11264264
11264572
11264678
11264725
11266541
11267368
11268037
11268139
11271465
11272029
11272066
11274637
11279012
11279736
11279951
11280261
11281641
11281673
11281805
11282771
11282887
11284345
11285308
11286145
11286808
11288011
11288366
11291029
11292251
11292779
11294989
11295139
11295472
11297064
11297595
11298153
11299011
11299276
11299836
11300847
11302403
11304001
11304901
11305538
11305985
11307520
11309841
11309869
11310033
11310433
11310697
11310945
11310954
11312301
11312336
11314810
11315042
11315064
11315621
11315957
11317081
11317105
11317821
11318152
11318372
11322249
11322303
11322630
11323078
11324221
11326341
11327922
11328159
11328175
11328819
11328946
11329278
11329344
11329532
11329860
11329953
11331310
11332479
11333008
11333053
11333678
11334544
11335586
11335693
11335877
11336156
11336447
11336489
11336665
11337359
11337470
11338710
11340667
11341035
11341929
11344967
11345195
11345229
11345237
11345458
11345606
11345804
11345820
11346373
11346811
11347745
11347969
11348085
11349095
11350562
11350830
11351601
11352402
11352648
11352710
11352733
11354180
11354530
11357788
11357915
11358375
11358486
11359402
11359569
11360011
11361523
11361686
11363048
11363604
11363612
11364116
11364858
11365046
11365056
11366540
11367287
11367528
11367982
11370893
11372220
11373564
11373900
11374293
11377251
11378076
11378200
11378508
11378599
11379102
11379505
11380223
11381675
11383073
11383424
11384933
11385464
11386370
11388658
11390632
11390805
11391161
11391875
11393077
11393173
11393598
11393737
11394651
11395136
11395459
11395702
11397121
11398410
11398768
11399483
11399882
11399953
11400027
11400104
11400423
11401043
11401136
11401151
11402526