10094556
10095455
10095490
10095605
10101513
10102796
10103429
10103516
10104021
10104286
10104300
10104506
10105614
10105842
10106174
10106566
10107010
10107075
10107167
10107248
10107326
10107786
10108933
10109411
10109856
10110436
10110577
10111923
10112922
10113543
10113651
10113888
10114798
10114979
10117842
10117967
10118313
10118352
10118358
10118717
10118776
10119359
10119773
10119877
10120149
10120177
10121898
10121936
10122103
10122758
10123377
10123403
10123533
10123987
10124137
10124292
10124532
10126576
10126678
10126985
10127240
10127352
10127588
10128005
10129086
10129520
10129644
10129857
10130203
10130462
10130695
10131451
10131889
10132137
10132890
10132903
10134588
10135119
10135150
10135160
10135167
10135260
10137315
10137362
10138509
10139177
10140214
10140273
10140876
10140966
10141144
10141403
10141579
10142018
10142080
10142280
10142668
10142685
10142815
10142921
10142975
10143506
10143738
10144200
10144221
10144879
10145390
10145936
10146114
10146226
10146372
10146499
10146650
10146808
10147279
10147320
10147477
10147657
10149301
10149496
10149530
10149620
10149721
10150261
10150314
10150497
10150526
10150574
10150822
10150909
10151157
10151190
10151480
10151646
10151965
10153309
10153418
10153454
10153783
10153804
10155266
10155690
10155915
10156417
10156470
10158144
10158301
10158408
10158964
10159431
10160924
10161297
10161616
10161735
10161996
10162029
10163385
10165223
10165330
10165339
10165998
10166286
10166461
10166931
10167630
10168215
10168392
10169486
10169690
10170248
10170377
10171115
10172462
10172536
10173224
10174718
10175698
10176221
10179372
10179628
10179757
10180794
10181158
10181686
10182165
10182471
10182660
10182834
10182873
10182975
10183651
10183684
10184084
10185050
10185070
10185439
10185500
10185940
10186880
10187352
10187366
10187565
10188893
10189791
10190450
10190678
10190777
10190941
10191956
10192368
10194953
10195107
10198062
10198700
10199335
10199444
10200719
10200924
10201045
10201140
10201668
10202352
10204098
10204430
10204568
10205766
10205985
10207675
10208992
10209198
10211626
10213180
10213946
10214468
10214665
10215035
10215099
10215219
10215439
10217690
10219311
10220928
10221263
10221735
10221879
10221958
10226577
10227151
10228287
10228481
10231061
10231905
10232262
10233019
10233106
10233170
10234208
10237744
10239444
10239802
10239814
10241414
10242059
10242839
10243219
10243480
10243738
10244173
10244294
10244475
10244803
10245002
10245616
10247440
10247617
10248435
10248516
10248744
10249354
10250979
10251024
10252061
10252962
10252994
10253012
10253455
10254471
10254482
10255156
10255433
10255515
10255721
10255997
10256698
10257301
10257562
10259096
10260514
10260947
10261732
10262047
10263803
10264866
10264961
10265435
10265475
10265688
10265799
10266049
10266079
10266330
10266797
10267037
10268109
10269106
10269917
10270648
10271659
10271707
10272078
10272241
10272540
10272675
10272702
10272799
10272834
10272982
10274646
10274899
10275199
10275529
10275871
10276353
10276384
10276509
10276541
10277158
10277672
10277741
10277919
10279592
10279705
10281675
10283841
10285640
10285650
10285736
10285766
10285950
10286502
10286724
10286811
10288085
10288354
10289616
10289770
10290043
10290299
10291122
10291297
10291506
10291617
10293076
10293473
10294139
10294714
10297533
10298328
10298385
10298894
10299140
10299483
10300397
10301188
10301642
10301730
10301802
10301853
10302101
10302534
10302614
10303000
10304783
10304954
10305006
10305233
10306832
10307556
10307678
10308026
10308806
10308848
10309160
10309261
10309783
10311085
10311435
10311585
10312038
10312326
10313476
10313625
10313764
10314074
10314315
10314715
10314809
10314821
10314928
10315146
10315449
10316177
10316197
10316357
10316574
10316815
10316945
10316983
10317077
10317136
10318430
10318598
10319732
10320267
10320549
10320798
10321053
10321088
10321169
10321886
10322071
10322350
10322437
10322565
10323318
10323685
10323911
10324266
10324656
10325215
10325487
10327462
10327904
10328037
10328153
10328671
10329506
10329733
10329954
10329963
10330278
10330518
10330558
10330670
10330911
10331279
10331293
10331789
10331849
10332217
10332247
10332623
10332880
10333152
10333608
10333879
10334147
10334220
10334378
10336067
10336082
10336157
10336245
10336313
10336947
10337215
10337568
10338011
10338105
10338296
10338313
10338424
10338497
10338773
10339344
10339403
10341592
10342198
10342524
10343166
10344846
10344930
10344968
10345410
10345881
10345972
10346315
10346348
10346819
10347743
10349831
10350236
10350558
10351488
10351509
10351642
10351669
10351731
10351747
10353027
10353572
10354285
10354328
10354888
10355327
10355659
10355747
10355760
10356788
10357406
10357635
10358323
10358660
10358719
10360185
10360938
10361035
10361315
10361559
10362537
10362584
10364419
10364489
10365441
10365902
10366183
10366290
10366826
10367169
10367356
10367648
10368048
10368071
10368162
10368393
10369318
10369402
10369510
10370247
10370331
10371582
10371922
10374048
10374075
10374182
10374256
10374262
10374376
10375210
10375346
10375770
10376562
10376624
10376771
10377201
10378338
10378469
10378789
10378987
10380057
10380100
10380348
10380717
10381221
10383811
10383819
10384441
10384672
10385091
10385168
10385951
10386194
10386819
10386960
10387136
10387677
10389015
10389045
10389781
10389804
10389937
10390392
10390413
10390484
10391562
10391822
10392210
10393078
10393201
10393480
10394303
10395035
10396511
10396968
10398720
10399169
10399416
10399689
10400136
10401115
10401190
10401215
10401861
10402146
10402586
10402779
10402825
10402955
10403347
10403838
10404133
10404292
10404362
10404576
10405427
10406089
10407532
10407731
10408182
10409063
10409813
10410096
10410529
10410646
10411031
10411239
10411477
10412315
10414837
10415025
10418476
10418638
10419017
10419048
10421548
10421647
10421715
10421827
10423162
10423645
10423958
10424173
10425452
10425495
10425692
10425751
10427191
10428329
10428521
10428801
10429200
10429939
10431040
10431689
10431922
10432300
10432908
10433090
10433364
10434163
10434630
10434714
10434779
10434901
10436284
10436473
10438238
10438768
10438847
10438941
10439488
10439903
10440559
10440886
10441359
10441818
10442061
10442246
10442938
10443239
10443353
10443451
10444254
10444371
10444925
10445969
10446696
10448134
10448212
10450297
10450675
10450798
10451361
10452206
10452374
10452515
10452568
10453137
10453367
10453588
10454686
10456078
10456454
10456765
10457164
10457436
10459488
10460167
10460673
10461035
10461089
10462559
10462704
10463584
10463714
10464275
10464562
10464924
10465128
10465556
10465860
10465905
10466037
10466088
10467152
10467863
10467885
10469904
10470959
10471338
10471352
10471903
10471923
10472244
10472289
10472706
10472892
10473821
10474389
10474562
10474614
10474693
10474976
10475051
10475356
10475361
10475606
10476078
10476354
10476834
10476947
10477319
10477502
10477601
10477962
10478413
10480851
10481840
10481898
10481980
10482299
10482489
10482642
10482798
10482904
10483805
10483888
10485374
10485635
10486059
10486071
10486198
10487023
10487149
10487268
10489009
10489044
10489373
10489603
10490119
10490220
10490365
10490836
10490897
10491846
10491910
10492501
10493000
10493030
10494026
10494255
10494261
10494454
10494502
10494962
10495345
10496432
10497465
10497581
10497964
10497998
10498490
10498759
10498990
10499092
10499162
10499301
10500235
10500636
10500867
10501242
10501354
10501456
10502439
10502538
10503283
10503367
10503398
10505207
10505245
10506222
10506780
10507230
10509863
10511239
10512136
10512390
10512877
10512885
10514515
10515853
10516477
10516531
10517414
10518505
10518687
10518953
10519726
10520065
10521084
10521173
10521266
10521398
10521452
10521771
10521998
10522767
10523232
10524351
10526627
10527763
10527943
10528419
10528434
10528644
10528661
10530378
10531731
10531850
10532068
10533632
10533724
10533903
10534062
10534333
10534732
10535152
10535774
10536790
10540187
10540310
10540415
10540467
10540723
10540905
10541337
10541500
10542743
10542900
10542935
10545279
10547689
10548220
10549067
10549673
10550325
10550468
10550861
10550907
10551072
10551925
10552713
10553513
10553785
10554228
10554397
10554727
10554740
10554844
10555931
10558296
10558340
10559659
10560224
10560961
10561465
10561808
10562385
10563343
10564367
10565409
10565995
10566365
10567512
10568214
10571289
10571474
10573506
10573788
10574057
10574193
10574916
10575996
10580822
10581937
10583528
10584055
10584331
10584340
10585238
10585988
10586299
10586474
10586633
10586661
10587288
10587875
10588055
10589245
10589717
10589855
10589873
10589893
10589904
10590182
10590385
10590977
10591439
10592127
10592902
10592981
10594003
10594055
10594119
10595537
10595593
10595766
10596182
10596201
10597280
10597586
10598521
10599038
10599499
10600309
10600698
10601119
10601720
10601800
10601886
10601979
10601996
10602376
10603156
10603262
10603309
10603451
10607649
10608359
10608772
10608836
10609083
10609129
10609139
10609364
10609678
10609830
10610552
10610778
10610797
10611137
10611507
10612330
10612770
10614123
10614162
10614259
10615796
10616388
10617078
10617398
10618024
10618206
10620491
10620528
10621200
10621396
10622830
10623134
10623828
10626809
10628573
10630085
10630283
10630613
10630936
10631008
10631226
10632192
10633580
10633593
10634602
10634688
10636838
10637586
10638615
10640081
10640410
10640844
10640866
10641395
10642576
10642642
10642910
10642967
10643985
10644002
10644022
10644390
10645058
10645187
10645523
10645569
10646251
10646574
10646650
10647469
10647574
10648065
10648363
10648692
10650245
10650789
10650924
10651030
10651775
10652578
10652630
10652814
10652906
10653614
10653636
10653895
10654516
10654828
10654979
10656196
10656536
10657606
10657807
10657931
10658369
10658850
10659857
10660422
10660740
10661158
10661198
10661350
10661880
10662478
10662599
10662964
10663942
10663974
10664434
10664846
10666061
10666206
10666579
10668722
10668749
10668870
10669058
10669446
10669745
10669753
10670232
10671002
10671892
10672231
10673627
10674684
10674878
10675529
10676368
10676486
10677001
10677042
10677537
10678819
10679776
10680100
10680164
10680551
10681345
10684167
10685479
10685864
10686387
10687254
10687924
10688296
10688969
10689193
10690705
10692500
10692868
10693723
10695007
10695273
10697196
10698814
10699310
10699364
10699509
10700395
10700579
10701204
10702174
10702250
10702619
10706164
10706475
10706875
10707381
10707728
10707843
10707946
10709837
10710892
10711054
10711233
10711838
10711874
10712004
10712042
10712398
10713172
10713231
10713585
10713611
10713688
10713858
10714259
10714313
10714510
10715823
10718954
10719139
10719272
10719542
10720422
10723132
10723161
10723229
10724083
10724251
10724491
10724751
10725399
10725901
10727380
10727876
10728292
10728346
10728993
10729709
10730411
10731191
10731834
10732793
10733133
10734217
10736321
10736627
10736667
10736714
10737294
10737639
10738950
10739378
10739472
10739829
10740913
10742666
10744171
10744267
10744436
10744507
10745017
10745251
10745511
10746324
10746532
10746996
10747018
10747275
10747292
10747861
10747880
10748213
10748918
10749394
10749595
10749666
10750754
10750865
10751555
10751856
10752228
10752390
10754007
10754097
10756727
10756790
10757540
10757595
10757722
10758399
10758518
10758687
10758700
10758756
10758774
10758843
10759008
10759427
10760101
10760291
10760998
10762681
10762917
10763276
10764260
10765642
10766216
10766499
10767387
10767417
10767534
10767543
10767609
10768718
10769085
10769522
10770085
10771036
10771121
10771371
10771494
10771962
10772384
10772440
10772866
10772915
10773435
10773927
10774305
10774485
10774496
10774747
10775169
10775276
10775338
10775502
10776030
10776692
10776797
10776811
10777874
10778738
10779101
10780858
10780898
10781453
10782008
10782073
10782106
10782149
10782523
10783248
10783330
10784197
10785054
10785581
10787047
10787196
10787212
10787265
10787480
10787628
10788207
10788664
10788786
10789162
10789768
10790245
10790262
10790355
10791112
10791201
10792012
10792048
10793741
10795593
10795633
10795656
10796549
10797707
10799915
10799937
10800510
10803322
10803565
10804962
10805118
10806318
10807325
10807450
10807648
10807877